1 1 0 0 
2 1 4.49806 0.000431963 
3 1 4.32787 0.038252 
4 1 5.45319 0.12137 
5 1 6.39502 0.232656 
6 1 7.09921 0.369046 
7 1 7.55437 0.523682 
8 1 7.76364 0.687495 
9 1 7.74819 0.849701 
10 1 7.52158 1.00423 
11 1 7.12215 1.14309 
12 1 6.5883 1.26031 
13 1 5.96749 1.35058 
14 1 5.29802 1.41258 
15 1 4.62742 1.44474 
16 1 3.9856 1.44984 
17 1 3.40652 1.43028 
18 1 2.9194 1.38858 
19 1 2.54169 1.32909 
20 1 2.28291 1.25707 
21 1 2.14135 1.17883 
22 1 2.11866 1.09818 
23 1 2.20613 1.01913 
24 1 2.38407 0.946865 
25 1 2.63361 0.885034 
26 1 2.93854 0.834982 
27 1 3.26709 0.800293 
28 1 3.60893 0.779335 
29 1 3.93906 0.772542 
30 1 4.24174 0.778836 
31 1 4.49934 0.79741 
32 1 4.70613 0.825177 
33 1 4.85165 0.86037 
34 1 4.93988 0.899038 
35 1 4.96426 0.940164 
36 1 4.93257 0.98086 
37 1 4.85413 1.01824 
38 1 4.73344 1.05144 
39 1 4.58698 1.0779 
40 1 4.4249 1.09678 
41 1 4.25332 1.10894 
42 1 4.08583 1.1139 
43 1 3.93501 1.1111 
44 1 3.80035 1.10306 
45 1 3.69196 1.09011 
46 1 3.61067 1.07382 
47 1 3.56112 1.0548 
48 1 3.53991 1.0349 
49 1 3.54615 1.01525 
50 1 3.57658 0.996855 
51 1 3.63138 0.979593 
52 1 3.70208 0.96493 
53 1 3.77852 0.954746 
54 1 3.86641 0.946906 
55 1 3.95295 0.942759 
56 1 4.02971 0.943399 
57 1 4.09689 0.94755 
58 1 4.15489 0.953528 
59 1 4.20264 0.9604 
60 1 4.23722 0.968207 
61 1 4.25751 0.976898 
62 1 4.259 0.987164 
63 1 4.24709 0.997511 
64 1 4.22056 1.00768 
65 1 4.18491 1.01644 
66 1 4.14508 1.02273 
67 1 4.10373 1.02644 
68 1 4.05685 1.02928 
69 1 4.0094 1.03101 
70 1 3.96715 1.03064 
71 1 3.92801 1.029 
72 1 3.90106 1.02478 
73 1 3.88456 1.01878 
74 1 3.87637 1.01234 
75 1 3.8789 1.00552 
76 1 3.89053 0.998818 
77 1 3.90909 0.992857 
78 1 3.93489 0.987516 
79 1 3.95994 0.984331 
80 1 3.98747 0.982375 
81 1 4.01663 0.981117 
82 1 4.04592 0.980484 
83 1 4.06959 0.981518 
84 1 4.0846 0.984688 
85 1 4.092 0.989204 
86 1 4.09835 0.992897 
87 1 4.09915 0.996317 
88 1 4.09412 0.999803 
89 1 4.08145 1.00385 
90 1 4.07102 1.00623 
91 1 4.05913 1.00759 
92 1 4.04783 1.00802 
93 1 4.03846 1.00758 
94 1 4.02974 1.00684 
95 1 4.01941 1.00661 
96 1 4.00913 1.00661 
97 1 3.99837 1.0068 
98 1 3.98856 1.00678 
99 1 3.98381 1.00557 
100 1 3.98304 1.00348 
101 1 3.97837 1.00266 
102 1 3.97879 1.00141 
103 1 3.97842 1.0006 
104 1 3.98109 0.99954 
105 1 3.98588 0.998275 
106 1 3.98762 0.998041 
107 1 3.98932 0.998238 
108 1 3.99524 0.997575 
109 1 3.99785 0.997584 
110 1 3.9989 0.998158 
111 1 4.00355 0.99793 
112 1 4.00327 0.998607 
113 1 4.00545 0.998812 
114 1 4.0058 0.999198 
115 1 4.00263 1.0003 
116 1 3.99983 1.00119 
117 1 4.00159 1.0007 
118 1 4.00398 0.99977 
119 1 4.01015 0.998168 
120 1 4.01433 0.997314 
121 1 4.0155 0.997666 
122 1 4.01945 0.997682 
123 1 4.02603 0.997 
124 1 4.03098 0.996672 
125 1 4.03472 0.99684 
126 1 4.03964 0.996856 
127 1 4.03985 0.997862 
128 1 4.04216 0.998398 
129 1 4.0419 0.999167 
130 1 4.03714 1.00076 
131 1 4.03256 1.00206 
132 1 4.02438 1.00362 
133 1 4.01322 1.00541 
134 1 4.00072 1.00699 
135 1 3.993 1.0069 
136 1 3.98359 1.00666 
137 1 3.98143 1.00484 
138 1 3.97695 1.00362 
139 1 3.97187 1.00313 
140 1 3.97516 1.00119 
141 1 3.97759 0.99961 
142 1 3.98419 0.997746 
143 1 3.98796 0.997038 
144 1 3.99591 0.996023 
145 1 3.99911 0.996298 
146 1 4.00442 0.996445 
147 1 4.01233 0.995922 
148 1 4.02163 0.995038 
149 1 4.03199 0.994096 
150 1 4.03708 0.994619 
151 1 4.0436 0.995138 
152 1 4.04524 0.996567 
153 1 4.04397 0.998471 
154 1 4.03759 1.00103 
155 1 4.02902 1.00345 
156 1 4.02037 1.00502 
157 1 4.0112 1.00591 
158 1 3.99947 1.00685 
159 1 3.98647 1.00776 
160 1 3.97682 1.00763 
161 1 3.96985 1.00659 
162 1 3.96274 1.00562 
163 1 3.96019 1.004 
164 1 3.95958 1.00226 
165 1 3.96327 1.0001 
166 1 3.97313 0.997161 
167 1 3.98491 0.994508 
168 1 3.9941 0.993414 
169 1 4.00908 0.991914 
170 1 4.02451 0.990681 
171 1 4.03811 0.990353 
172 1 4.04528 0.991868 
173 1 4.05619 0.992659 
174 1 4.06509 0.993391 
175 1 4.07353 0.993963 
176 1 4.07507 0.995824 
177 1 4.0727 0.998362 
178 1 4.07222 0.999862 
179 1 4.06339 1.00237 
180 1 4.05779 1.00366 
181 1 4.04641 1.0054 
182 1 4.03963 1.00568 
183 1 4.03042 1.00593 
184 1 4.02309 1.00567 
185 1 4.0149 1.00551 
186 1 4.00782 1.00519 
187 1 4.00006 1.00508 
188 1 3.99073 1.00542 
189 1 3.98733 1.00449 
190 1 3.98708 1.00273 
191 1 3.98354 1.00203 
192 1 3.98095 1.00169 
193 1 3.98023 1.00117 
194 1 3.97938 1.0008 
195 1 3.98386 0.999414 
196 1 3.98418 0.999075 
197 1 3.99168 0.997605 
198 1 4.00018 0.996023 
199 1 4.00352 0.99608 
200 1 4.00971 0.996029 
201 1 4.01311 0.996581 
202 1 4.02063 0.996233 
203 1 4.02288 0.996873 
204 1 4.02268 0.998173 
205 1 4.02122 0.999541 
206 1 4.01771 1.00093 
207 1 4.0167 1.00131 
208 1 4.01012 1.00246 
209 1 4.00574 1.003 
210 1 3.9982 1.00385 
211 1 3.99624 1.00329 
212 1 3.99025 1.00334 
213 1 3.98958 1.00239 
214 1 3.98843 1.00153 
215 1 3.98661 1.00114 
216 1 3.98774 1.00038 
217 1 3.99256 0.998928 
218 1 4.00008 0.997129 
219 1 4.00662 0.996034 
220 1 4.01045 0.996138 
221 1 4.01272 0.996957 
222 1 4.01183 0.998443 
223 1 4.01629 0.998466 
224 1 4.01576 0.999102 
225 1 4.01708 0.999321 
226 1 4.02192 0.998544 
227 1 4.0251 0.998063 
228 1 4.02737 0.998043 
229 1 4.03162 0.997746 
230 1 4.03541 0.997556 
231 1 4.03818 0.997691 
232 1 4.04298 0.997438 
233 1 4.04862 0.996956 
234 1 4.05224 0.997005 
235 1 4.05239 0.997985 
236 1 4.05077 0.999345 
237 1 4.04938 1.00033 
238 1 4.04463 1.0016 
239 1 4.0381 1.00294 
240 1 4.02888 1.00446 
241 1 4.02064 1.00531 
242 1 4.01384 1.00533 
243 1 4.00803 1.00485 
244 1 4.00276 1.00425 
245 1 3.99584 1.00417 
246 1 3.99134 1.00375 
247 1 3.98603 1.00354 
248 1 3.98524 1.00247 
249 1 3.98845 1.00057 
250 -1 -5.01262 0.999989 
251 -1 -4.67935 0.925739 
252 -1 -6.92626 0.758389 
253 -1 -8.80148 0.53319 
254 -1 -10.2021 0.258309 
255 -1 -11.1158 -0.0497043 
256 -1 -11.539 -0.375091 
257 -1 -11.5021 -0.700055 
258 -1 -11.0531 -1.00814 
259 -1 -10.2577 -1.28489 
260 -1 -9.20003 -1.51721 
261 -1 -7.96062 -1.69767 
262 -1 -6.62928 -1.82112 
263 -1 -5.2826 -1.88783 
264 -1 -4.00194 -1.89871 
265 -1 -2.84777 -1.85925 
266 -1 -1.87138 -1.77666 
267 -1 -1.10665 -1.66018 
268 -1 -0.582532 -1.51776 
269 -1 -0.300488 -1.36038 
270 -1 -0.249356 -1.19916 
271 -1 -0.413321 -1.04259 
272 -1 -0.763515 -0.898386 
273 -1 -1.26123 -0.773584 
274 -1 -1.86038 -0.674313 
275 -1 -2.51584 -0.604127 
276 -1 -3.19164 -0.562511 
277 -1 -3.84752 -0.548718 
278 -1 -4.4457 -0.561618 
279 -1 -4.96161 -0.597399 
280 -1 -5.37156 -0.652426 
281 -1 -5.66727 -0.720913 
282 -1 -5.84497 -0.797283 
283 -1 -5.90217 -0.877599 
284 -1 -5.84818 -0.957171 
285 -1 -5.69673 -1.03163 
286 -1 -5.46777 -1.09678 
287 -1 -5.17995 -1.1502 
288 -1 -4.85515 -1.19012 
289 -1 -4.51619 -1.21538 
290 -1 -4.18283 -1.22608 
291 -1 -3.86959 -1.2239 
292 -1 -3.5971 -1.20909 
293 -1 -3.37531 -1.18375 
294 -1 -3.21065 -1.15064 
295 -1 -3.10866 -1.11205 
296 -1 -3.0659 -1.07134 
297 -1 -3.0815 -1.03052 
298 -1 -3.14592 -0.992429 
299 -1 -3.25365 -0.958315 
300 -1 -3.39662 -0.929067 
301 -1 -3.56243 -0.906114 
302 -1 -3.73311 -0.891831 
303 -1 -3.90756 -0.88436 
304 -1 -4.06687 -0.885013 
305 -1 -4.20562 -0.892726 
306 -1 -4.31758 -0.906176 
307 -1 -4.40224 -0.923122 
308 -1 -4.45482 -0.94271 
309 -1 -4.47957 -0.962837 
310 -1 -4.47343 -0.983298 
311 -1 -4.44064 -1.00297 
312 -1 -4.3883 -1.02017 
313 -1 -4.31712 -1.035 
314 -1 -4.24127 -1.04513 
315 -1 -4.15522 -1.05259 
316 -1 -4.07209 -1.05602 
317 -1 -3.99116 -1.05647 
318 -1 -3.91838 -1.05397 
319 -1 -3.86301 -1.04745 
320 -1 -3.81788 -1.03949 
321 -1 -3.7856 -1.03085 
322 -1 -3.76786 -1.02162 
323 -1 -3.76505 -1.01197 
324 -1 -3.77254 -1.0031 
325 -1 -3.79336 -0.994479 
326 -1 -3.82581 -0.986235 
327 -1 -3.8664 -0.979056 
328 -1 -3.90793 -0.974416 
329 -1 -3.95646 -0.970612 
330 -1 -3.99761 -0.969995 
331 -1 -4.03712 -0.971012 
332 -1 -4.07455 -0.972696 
333 -1 -4.10547 -0.975487 
334 -1 -4.12641 -0.979936 
335 -1 -4.14348 -0.984312 
336 -1 -4.14674 -0.990277 
337 -1 -4.1466 -0.995537 
338 -1 -4.13849 -1.00058 
339 -1 -4.12106 -1.00594 
340 -1 -4.09776 -1.01093 
341 -1 -4.07501 -1.014 
342 -1 -4.04962 -1.016 
343 -1 -4.02062 -1.01778 
344 -1 -3.99577 -1.01797 
345 -1 -3.9736 -1.01697 
346 -1 -3.95267 -1.01563 
347 -1 -3.93643 -1.01358 
348 -1 -3.92639 -1.0106 
349 -1 -3.92308 -1.00681 
350 -1 -3.92204 -1.00351 
351 -1 -3.92658 -1.00023 
352 -1 -3.93675 -0.9968 
353 -1 -3.95016 -0.993743 
354 -1 -3.96736 -0.990989 
355 -1 -3.98521 -0.989107 
356 -1 -4.00439 -0.987848 
357 -1 -4.02199 -0.987568 
358 -1 -4.041 -0.987393 
359 -1 -4.05803 -0.987754 
360 -1 -4.07107 -0.989058 
361 -1 -4.07643 -0.99195 
362 -1 -4.07871 -0.99509 
363 -1 -4.07805 -0.99792 
364 -1 -4.07268 -1.00075 
365 -1 -4.06893 -1.00228 
366 -1 -4.06456 -1.003 
367 -1 -4.05583 -1.00418 
368 -1 -4.05061 -1.00434 
369 -1 -4.04098 -1.00509 
370 -1 -4.0277 -1.00659 
371 -1 -4.01582 -1.00754 
372 -1 -4.00767 -1.00715 
373 -1 -3.99577 -1.00728 
374 -1 -3.98884 -1.00644 
375 -1 -3.97878 -1.00625 
376 -1 -3.97389 -1.00519 
377 -1 -3.97182 -1.00356 
378 -1 -3.96964 -1.00232 
379 -1 -3.97345 -1.00029 
380 -1 -3.97906 -0.998265 
381 -1 -3.98432 -0.997001 
382 -1 -3.9896 -0.996407 
383 -1 -3.99595 -0.995994 
384 -1 -4.00228 -0.995787 
385 -1 -4.01294 -0.994753 
386 -1 -4.02514 -0.993445 
387 -1 -4.03309 -0.993428 
388 -1 -4.03793 -0.994539 
389 -1 -4.03891 -0.996511 
390 -1 -4.0367 -0.998821 
391 -1 -4.03627 -1.00008 
392 -1 -4.03752 -1.0002 
393 -1 -4.03784 -1.0001 
394 -1 -4.03756 -1.0001 
395 -1 -4.03172 -1.00136 
396 -1 -4.02536 -1.00274 
397 -1 -4.01592 -1.00438 
398 -1 -4.01114 -1.00453 
399 -1 -4.00515 -1.0044 
400 -1 -3.99889 -1.00428 
401 -1 -3.99455 -1.00378 
402 -1 -3.99417 -1.00244 
403 -1 -3.99202 -1.00165 
404 -1 -3.9925 -1.00074 
405 -1 -3.99652 -0.999292 
406 -1 -4.00446 -0.997283 
407 -1 -4.01372 -0.99546 
408 -1 -4.02136 -0.994667 
409 -1 -4.0296 -0.994349 
410 -1 -4.03241 -0.995503 
411 -1 -4.03386 -0.997064 
412 -1 -4.03402 -0.998527 
413 -1 -4.02957 -1.0005 
414 -1 -4.0247 -1.00207 
415 -1 -4.01585 -1.00387 
416 -1 -4.0053 -1.00553 
417 -1 -3.99853 -1.00574 
418 -1 -3.98756 -1.00634 
419 -1 -3.98406 -1.0052 
420 -1 -3.97819 -1.00439 
421 -1 -3.97485 -1.0034 
422 -1 -3.97602 -1.00168 
423 -1 -3.97888 -0.999908 
424 -1 -3.98064 -0.998956 
425 -1 -3.98624 -0.997744 
426 -1 -3.9903 -0.99719 
427 -1 -3.99347 -0.997238 
428 -1 -3.99572 -0.997674 
429 -1 -3.99593 -0.998547 
430 -1 -4.00157 -0.998069 
431 -1 -4.00443 -0.997918 
432 -1 -4.00927 -0.997487 
433 -1 -4.01713 -0.996433 
434 -1 -4.02544 -0.995425 
435 -1 -4.02985 -0.995633 
436 -1 -4.03677 -0.995622 
437 -1 -4.03753 -0.996909 
438 -1 -4.03483 -0.998966 
439 -1 -4.03367 -1.00026 
440 -1 -4.03505 -1.00029 
441 -1 -4.03119 -1.00107 
442 -1 -4.02768 -1.00175 
443 -1 -4.02518 -1.00195 
444 -1 -4.02425 -1.00157 
445 -1 -4.02284 -1.00124 
446 -1 -4.01949 -1.00146 
447 -1 -4.02083 -1.00075 
448 -1 -4.02047 -1.00034 
449 -1 -4.0182 -1.0006 
450 -1 -4.01599 -1.00097 
451 -1 -4.0183 -1.00026 
452 -1 -4.01623 -1.0004 
453 -1 -4.01601 -1.00036 
454 -1 -4.01851 -0.999671 
455 -1 -4.01803 -0.999658 
456 -1 -4.02219 -0.998843 
457 -1 -4.02454 -0.998436 
458 -1 -4.0235 -0.999051 
459 -1 -4.02325 -0.999629 
460 -1 -4.02323 -0.999948 
461 -1 -4.02497 -0.999687 
462 -1 -4.02794 -0.999044 
463 -1 -4.02827 -0.999075 
464 -1 -4.02813 -0.999425 
465 -1 -4.0259 -1.00023 
466 -1 -4.0211 -1.00149 
467 -1 -4.01723 -1.00227 
468 -1 -4.01007 -1.00337 
469 -1 -4.0027 -1.00425 
470 -1 -3.99386 -1.00509 
471 -1 -3.99052 -1.00442 
472 -1 -3.99144 -1.00252 
473 -1 -3.98835 -1.00173 
474 -1 -3.99175 -1.00013 
475 -1 -3.99536 -0.998757 
476 -1 -3.99593 -0.998585 
477 -1 -3.99589 -0.999009 
478 -1 -3.99443 -0.999804 
479 -1 -3.99721 -0.999518 
480 -1 -3.99548 -0.999968 
481 -1 -3.99255 -1.00078 
482 -1 -3.99066 -1.00121 
483 -1 -3.99257 -1.00053 
484 -1 -3.99362 -0.999889 
485 -1 -3.99642 -0.999091 
486 -1 -4.00177 -0.997939 
487 -1 -4.01058 -0.996286 
488 -1 -4.01857 -0.995197 
489 -1 -4.02419 -0.995186 
490 -1 -4.02562 -0.996469 
491 -1 -4.02431 -0.998365 
492 -1 -4.02394 -0.999624 
493 -1 -4.02224 -1.00055 
494 -1 -4.01588 -1.00209 
495 -1 -4.01009 -1.00319 
496 -1 -4.00893 -1.00275 
497 -1 -4.0063 -1.00227 
498 -1 -4.00283 -1.00213 
499 -1 -4.00493 -1.0009 
500 1 -1.00589 -0.999552 
501 1 -1.04435 -0.973611 
502 1 -0.130892 -0.916067 
503 1 0.739844 -0.838687 
504 1 1.55051 -0.740443 
505 1 2.29608 -0.624595 
506 1 2.97116 -0.4945 
507 1 3.57109 -0.352918 
508 1 4.09551 -0.204367 
509 1 4.54492 -0.0530027 
510 1 4.91996 0.0984276 
511 1 5.22326 0.247232 
512 1 5.46055 0.389559 
513 1 5.63619 0.523389 
514 1 5.7537 0.648529 
515 1 5.82029 0.763008 
516 1 5.84054 0.866665 
517 1 5.82008 0.9593 
518 1 5.76737 1.03889 
519 1 5.68741 1.10576 
520 1 5.58338 1.16215 
521 1 5.46198 1.20783 
522 1 5.32816 1.24299 
523 1 5.18548 1.26884 
524 1 5.03955 1.28512 
525 1 4.89339 1.29295 
526 1 4.7502 1.29337 
527 1 4.61284 1.28729 
528 1 4.48274 1.27623 
529 1 4.36029 1.2621 
530 1 4.24914 1.24413 
531 1 4.14859 1.22379 
532 1 4.05864 1.20239 
533 1 3.98011 1.18014 
534 1 3.91281 1.15754 
535 1 3.85735 1.13447 
536 1 3.81296 1.11155 
537 1 3.77989 1.08877 
538 1 3.75425 1.06868 
539 1 3.73769 1.05013 
540 1 3.72909 1.03297 
541 1 3.72727 1.01747 
542 1 3.73224 1.00317 
543 1 3.74104 0.991479 
544 1 3.75588 0.980534 
545 1 3.7727 0.972159 
546 1 3.79188 0.965856 
547 1 3.81229 0.961536 
548 1 3.83487 0.957861 
549 1 3.85894 0.954639 
550 1 3.88135 0.953744 
551 1 3.90259 0.954703 
552 1 3.92217 0.957069 
553 1 3.94247 0.958636 
554 1 3.96096 0.96062 
555 1 3.97695 0.963742 
556 1 3.99243 0.966549 
557 1 4.00694 0.968963 
558 1 4.02017 0.971297 
559 1 4.03 0.97509 
560 1 4.03842 0.979043 
561 1 4.04488 0.98304 
562 1 4.04905 0.98724 
563 1 4.05126 0.991427 
564 1 4.05323 0.994365 
565 1 4.05225 0.997876 
566 1 4.0498 1.00139 
567 1 4.04831 1.00309 
568 1 4.04482 1.00495 
569 1 4.04037 1.00689 
570 1 4.0363 1.00795 
571 1 4.03132 1.00898 
572 1 4.02821 1.0084 
573 1 4.02598 1.00689 
574 1 4.02212 1.00667 
575 1 4.01939 1.00619 
576 1 4.01691 1.00562 
577 1 4.01611 1.00409 
578 1 4.01376 1.00378 
579 1 4.01134 1.00403 
580 1 4.01062 1.00325 
581 1 4.0104 1.00206 
582 1 4.01097 1.00059 
583 1 4.01236 0.998979 
584 1 4.01207 0.998978 
585 1 4.01256 0.998987 
586 1 4.01285 0.999137 
587 1 4.01171 1.00024 
588 1 4.0103 1.00146 
589 1 4.00811 1.00285 
590 1 4.00548 1.00411 
591 1 4.00323 1.00466 
592 1 4.00162 1.00436 
593 1 4.00018 1.00377 
594 1 3.99976 1.0026 
595 1 3.99879 1.00199 
596 1 3.99995 1.00035 
597 1 3.99971 0.999846 
598 1 4.00089 0.998939 
599 1 4.0012 0.998788 
600 1 4.00162 0.998862 
601 1 4.00175 0.999181 
602 1 4.00227 0.99921 
603 1 4.00336 0.998756 
604 1 4.00524 0.997764 
605 1 4.00764 0.996581 
606 1 4.01047 0.995438 
607 1 4.01173 0.995741 
608 1 4.01478 0.995227 
609 1 4.01714 0.995071 
610 1 4.01791 0.996154 
611 1 4.02006 0.996364 
612 1 4.02258 0.995966 
613 1 4.02304 0.996866 
614 1 4.02462 0.997162 
615 1 4.02569 0.997489 
616 1 4.02769 0.997104 
617 1 4.03006 0.996363 
618 1 4.03214 0.995943 
619 1 4.03292 0.996629 
620 1 4.03264 0.998171 
621 1 4.03099 1.0004 
622 1 4.03012 1.00159 
623 1 4.03017 1.00142 
624 1 4.02944 1.00138 
625 1 4.02796 1.00189 
626 1 4.02666 1.0023 
627 1 4.02657 1.00173 
628 1 4.02661 1.00093 
629 1 4.02708 1.00004 
630 1 4.0276 0.999387 
631 1 4.02862 0.998692 
632 1 4.03004 0.997952 
633 1 4.02938 0.998828 
634 1 4.02884 0.99987 
635 1 4.02865 1.00039 
636 1 4.02811 1.00079 
637 1 4.02712 1.00132 
638 1 4.0251 1.0024 
639 1 4.02451 1.00236 
640 1 4.02424 1.00173 
641 1 4.02361 1.00137 
642 1 4.02432 1.00032 
643 1 4.02522 0.999263 
644 1 4.0262 0.998505 
645 1 4.02672 0.998405 
646 1 4.02813 0.997959 
647 1 4.02834 0.998351 
648 1 4.02816 0.999154 
649 1 4.02829 0.999614 
650 1 4.02713 1.00067 
651 1 4.0273 1.00068 
652 1 4.02794 1.00003 
653 1 4.02786 0.999861 
654 1 4.02871 0.999281 
655 1 4.02832 0.999593 
656 1 4.02753 1.00036 
657 1 4.02618 1.0014 
658 1 4.02621 1.00126 
659 1 4.02585 1.00103 
660 1 4.02528 1.00099 
661 1 4.02333 1.00194 
662 1 4.023 1.00184 
663 1 4.02095 1.00256 
664 1 4.01812 1.00383 
665 1 4.01609 1.00433 
666 1 4.01301 1.00511 
667 1 4.01022 1.00552 
668 1 4.00662 1.00622 
669 1 4.00506 1.00542 
670 1 4.00402 1.00404 
671 1 4.00302 1.0029 
672 1 4.00253 1.00188 
673 1 4.00101 1.00192 
674 1 3.99936 1.0024 
675 1 3.99967 1.00155 
676 1 4.00062 1.00012 
677 1 4.00235 0.998447 
678 1 4.00342 0.997692 
679 1 4.00428 0.997639 
680 1 4.00523 0.997775 
681 1 4.00617 0.997934 
682 1 4.00757 0.997743 
683 1 4.00917 0.997363 
684 1 4.00951 0.997892 
685 1 4.01008 0.998388 
686 1 4.01048 0.998824 
687 1 4.01082 0.999136 
688 1 4.00978 1.00022 
689 1 4.0105 1.00003 
690 1 4.01152 0.999275 
691 1 4.01327 0.998102 
692 1 4.01427 0.997673 
693 1 4.01482 0.997941 
694 1 4.01553 0.998244 
695 1 4.01632 0.998405 
696 1 4.01719 0.99841 
697 1 4.01799 0.998409 
698 1 4.01824 0.998771 
699 1 4.01796 0.999487 
700 1 4.01854 0.99951 
701 1 4.01853 0.999684 
702 1 4.01891 0.999594 
703 1 4.01864 0.999885 
704 1 4.01752 1.00076 
705 1 4.01694 1.00119 
706 1 4.01682 1.00102 
707 1 4.0163 1.00097 
708 1 4.0151 1.00143 
709 1 4.01374 1.00201 
710 1 4.01395 1.00139 
711 1 4.01242 1.00174 
712 1 4.01015 1.00279 
713 1 4.00851 1.0033 
714 1 4.00815 1.00261 
715 1 4.00709 1.00222 
716 1 4.00503 1.00272 
717 1 4.00388 1.00275 
718 1 4.00364 1.002 
719 1 4.00402 1.00083 
720 1 4.00407 1.00013 
721 1 4.0057 0.99877 
722 1 4.00619 0.998398 
723 1 4.00836 0.997361 
724 1 4.01107 0.996093 
725 1 4.01446 0.994708 
726 1 4.01704 0.994291 
727 1 4.01836 0.995173 
728 1 4.01876 0.996815 
729 1 4.02032 0.997382 
730 1 4.02073 0.998169 
731 1 4.02003 0.999506 
732 1 4.01899 1.00082 
733 1 4.01911 1.0009 
734 1 4.01899 1.00071 
735 1 4.01807 1.00102 
736 1 4.01662 1.00175 
737 1 4.01481 1.00262 
738 1 4.01221 1.00377 
739 1 4.01109 1.00364 
740 1 4.01073 1.00262 
741 1 4.01088 1.00132 
742 1 4.01138 1.0001 
743 1 4.01168 0.999464 
744 1 4.01196 0.999243 
745 1 4.01318 0.99861 
746 1 4.01252 0.999303 
747 1 4.01197 1.00013 
748 1 4.01242 1.00006 
749 1 4.01158 1.00058 
750 -1 1.01229 1.00009 
751 -1 1.05054 0.974389 
752 -1 0.136086 0.917332 
753 -1 -0.734055 0.839296 
754 -1 -1.54637 0.741731 
755 -1 -2.29251 0.626059 
756 -1 -2.96886 0.496383 
757 -1 -3.5701 0.355187 
758 -1 -4.09699 0.207653 
759 -1 -4.54877 0.0571127 
760 -1 -4.92602 -0.0939433 
761 -1 -5.23328 -0.241473 
762 -1 -5.47154 -0.384647 
763 -1 -5.64816 -0.519746 
764 -1 -5.76682 -0.645758 
765 -1 -5.83367 -0.761273 
766 -1 -5.85331 -0.866262 
767 -1 -5.83438 -0.958458 
768 -1 -5.78154 -1.03826 
769 -1 -5.701 -1.1058 
770 -1 -5.59685 -1.16248 
771 -1 -5.47418 -1.209 
772 -1 -5.33992 -1.24434 
773 -1 -5.19802 -1.26928 
774 -1 -5.05242 -1.2849 
775 -1 -4.90529 -1.29322 
776 -1 -4.76045 -1.29481 
777 -1 -4.61995 -1.29074 
778 -1 -4.48611 -1.2817 
779 -1 -4.36228 -1.26734 
780 -1 -4.24912 -1.24888 
781 -1 -4.14736 -1.2276 
782 -1 -4.05553 -1.20587 
783 -1 -3.97749 -1.18203 
784 -1 -3.91171 -1.15725 
785 -1 -3.85797 -1.13241 
786 -1 -3.81463 -1.10888 
787 -1 -3.78239 -1.08624 
788 -1 -3.76007 -1.06482 
789 -1 -3.74685 -1.04489 
790 -1 -3.7409 -1.02725 
791 -1 -3.7423 -1.01136 
792 -1 -3.74745 -0.998838 
793 -1 -3.75857 -0.987641 
794 -1 -3.77418 -0.97762 
795 -1 -3.79234 -0.969634 
796 -1 -3.81261 -0.96358 
797 -1 -3.83452 -0.959094 
798 -1 -3.85609 -0.956857 
799 -1 -3.87752 -0.956205 
800 -1 -3.89849 -0.956606 
801 -1 -3.91751 -0.958524 
802 -1 -3.93765 -0.959561 
803 -1 -3.95469 -0.962027 
804 -1 -3.97084 -0.964739 
805 -1 -3.98431 -0.968417 
806 -1 -3.99611 -0.972305 
807 -1 -4.00619 -0.976111 
808 -1 -4.01549 -0.979141 
809 -1 -4.02239 -0.982504 
810 -1 -4.02964 -0.984629 
811 -1 -4.03485 -0.986987 
812 -1 -4.03817 -0.989892 
813 -1 -4.04014 -0.99292 
814 -1 -4.04275 -0.994548 
815 -1 -4.0453 -0.995206 
816 -1 -4.04603 -0.996542 
817 -1 -4.0475 -0.997155 
818 -1 -4.047 -0.998642 
819 -1 -4.04602 -1.00025 
820 -1 -4.04385 -1.00215 
821 -1 -4.04147 -1.00365 
822 -1 -4.03889 -1.00466 
823 -1 -4.03572 -1.00555 
824 -1 -4.0335 -1.00548 
825 -1 -4.03139 -1.00504 
826 -1 -4.02977 -1.00429 
827 -1 -4.02645 -1.00483 
828 -1 -4.02401 -1.00502 
829 -1 -4.02242 -1.00447 
830 -1 -4.02007 -1.00436 
831 -1 -4.01715 -1.00482 
832 -1 -4.01516 -1.0047 
833 -1 -4.01239 -1.00493 
834 -1 -4.00946 -1.00532 
835 -1 -4.00629 -1.00579 
836 -1 -4.00367 -1.00576 
837 -1 -4.00092 -1.00567 
838 -1 -3.99829 -1.0055 
839 -1 -3.99597 -1.00516 
840 -1 -3.99489 -1.00404 
841 -1 -3.99519 -1.00213 
842 -1 -3.99511 -1.00083 
843 -1 -3.99529 -1 
844 -1 -3.99551 -0.999579 
845 -1 -3.99508 -0.999866 
846 -1 -3.99536 -0.999819 
847 -1 -3.99486 -1.0002 
848 -1 -3.99652 -0.999149 
849 -1 -3.99864 -0.997671 
850 -1 -3.99923 -0.99756 
851 -1 -4.00188 -0.996569 
852 -1 -4.0046 -0.995571 
853 -1 -4.00755 -0.994747 
854 -1 -4.01078 -0.994068 
855 -1 -4.01416 -0.993568 
856 -1 -4.01635 -0.994082 
857 -1 -4.01981 -0.993924 
858 -1 -4.02215 -0.994334 
859 -1 -4.02492 -0.994515 
860 -1 -4.02577 -0.995836 
861 -1 -4.02561 -0.997773 
862 -1 -4.02468 -0.999779 
863 -1 -4.02303 -1.00162 
864 -1 -4.02168 -1.0026 
865 -1 -4.02068 -1.00272 
866 -1 -4.01848 -1.00332 
867 -1 -4.01823 -1.00258 
868 -1 -4.01668 -1.00251 
869 -1 -4.01619 -1.00198 
870 -1 -4.01446 -1.00229 
871 -1 -4.01192 -1.00333 
872 -1 -4.01172 -1.00269 
873 -1 -4.00992 -1.00279 
874 -1 -4.00893 -1.00255 
875 -1 -4.00947 -1.00126 
876 -1 -4.00888 -1.0008 
877 -1 -4.00929 -1.00011 
878 -1 -4.00913 -0.999952 
879 -1 -4.00818 -1.00054 
880 -1 -4.00929 -0.999824 
881 -1 -4.01047 -0.998854 
882 -1 -4.0117 -0.998091 
883 -1 -4.01288 -0.997691 
884 -1 -4.01341 -0.997968 
885 -1 -4.015 -0.997682 
886 -1 -4.01462 -0.998611 
887 -1 -4.01446 -0.99949 
888 -1 -4.01322 -1.00078 
889 -1 -4.0126 -1.00137 
890 -1 -4.01333 -1.00062 
891 -1 -4.01387 -0.999799 
892 -1 -4.01323 -1.00002 
893 -1 -4.01178 -1.00106 
894 -1 -4.01181 -1.00103 
895 -1 -4.01022 -1.00174 
896 -1 -4.0101 -1.00147 
897 -1 -4.00866 -1.00186 
898 -1 -4.00812 -1.00172 
899 -1 -4.00868 -1.00073 
900 -1 -4.00874 -1.00012 
901 -1 -4.00999 -0.999039 
902 -1 -4.01083 -0.998439 
903 -1 -4.01089 -0.998718 
904 -1 -4.01075 -0.999336 
905 -1 -4.00939 -1.00067 
906 -1 -4.01018 -1.00037 
907 -1 -4.01015 -1.00016 
908 -1 -4.01106 -0.999431 
909 -1 -4.01139 -0.999156 
910 -1 -4.01231 -0.998737 
911 -1 -4.01447 -0.997579 
912 -1 -4.01679 -0.996451 
913 -1 -4.01753 -0.996765 
914 -1 -4.01929 -0.996773 
915 -1 -4.02127 -0.996529 
916 -1 -4.02204 -0.997098 
917 -1 -4.02332 -0.997398 
918 -1 -4.02431 -0.997707 
919 -1 -4.02604 -0.997417 
920 -1 -4.02838 -0.996623 
921 -1 -4.02925 -0.996905 
922 -1 -4.02953 -0.997846 
923 -1 -4.03061 -0.998157 
924 -1 -4.03115 -0.998511 
925 -1 -4.03242 -0.99828 
926 -1 -4.03328 -0.998201 
927 -1 -4.03455 -0.997929 
928 -1 -4.03554 -0.997867 
929 -1 -4.03599 -0.998259 
930 -1 -4.03699 -0.998308 
931 -1 -4.03667 -0.999097 
932 -1 -4.03673 -0.999621 
933 -1 -4.03599 -1.00042 
934 -1 -4.03364 -1.00211 
935 -1 -4.03226 -1.00289 
936 -1 -4.02894 -1.0044 
937 -1 -4.02769 -1.00427 
938 -1 -4.02478 -1.00474 
939 -1 -4.0215 -1.0055 
940 -1 -4.0195 -1.00526 
941 -1 -4.01788 -1.0045 
942 -1 -4.01537 -1.00442 
943 -1 -4.0138 -1.00397 
944 -1 -4.01108 -1.00431 
945 -1 -4.00809 -1.00498 
946 -1 -4.00442 -1.00599 
947 -1 -4.00177 -1.0061 
948 -1 -3.99811 -1.00654 
949 -1 -3.9956 -1.00618 
950 -1 -3.99221 -1.00626 
951 -1 -3.98929 -1.00614 
952 -1 -3.98847 -1.00461 
953 -1 -3.98764 -1.00311 
954 -1 -3.98715 -1.0019 
955 -1 -3.98665 -1.0012 
956 -1 -3.98749 -1 
957 -1 -3.98747 -0.99962 
958 -1 -3.98843 -0.998976 
959 -1 -3.98827 -0.99921 
960 -1 -3.98989 -0.998471 
961 -1 -3.99222 -0.997184 
962 -1 -3.99384 -0.996612 
963 -1 -3.99623 -0.995956 
964 -1 -3.99722 -0.996424 
965 -1 -3.99804 -0.997228 
966 -1 -3.99893 -0.997825 
967 -1 -4.0001 -0.997971 
968 -1 -3.99997 -0.998784 
969 -1 -3.9993 -0.999903 
970 -1 -3.9999 -0.99991 
971 -1 -3.99966 -1.0001 
972 -1 -4.00105 -0.999208 
973 -1 -4.00228 -0.998351 
974 -1 -4.00336 -0.997894 
975 -1 -4.00582 -0.996807 
976 -1 -4.00756 -0.996349 
977 -1 -4.01046 -0.995482 
978 -1 -4.01231 -0.99546 
979 -1 -4.01278 -0.996657 
980 -1 -4.01231 -0.99848 
981 -1 -4.01355 -0.998772 
982 -1 -4.01332 -0.999427 
983 -1 -4.01339 -0.999793 
984 -1 -4.01443 -0.99929 
985 -1 -4.01405 -0.999614 
986 -1 -4.01372 -1.00007 
987 -1 -4.0141 -0.999946 
988 -1 -4.01451 -0.999649 
989 -1 -4.01561 -0.998933 
990 -1 -4.01496 -0.999481 
991 -1 -4.01478 -0.99996 
992 -1 -4.01527 -0.999805 
993 -1 -4.01527 -0.99982 
994 -1 -4.01678 -0.998874 
995 -1 -4.01754 -0.998433 
996 -1 -4.01809 -0.998436 
997 -1 -4.01904 -0.998324 
998 -1 -4.0208 -0.997676 
999 -1 -4.02232 -0.997222 
1000 1 4.97645 -0.997722 
1001 1 4.64678 -0.925389 
1002 1 6.89854 -0.759872 
1003 1 8.77872 -0.535894 
1004 1 10.1889 -0.262636 
1005 1 11.1081 0.0450479 
1006 1 11.5332 0.371474 
1007 1 11.4996 0.697254 
1008 1 11.0491 1.00687 
1009 1 10.2517 1.28498 
1010 1 9.19205 1.51817 
1011 1 7.94617 1.70004 
1012 1 6.6036 1.82566 
1013 1 5.2551 1.89198 
1014 1 3.97154 1.902 
1015 1 2.82011 1.86054 
1016 1 1.84249 1.77713 
1017 1 1.08553 1.65849 
1018 1 0.565438 1.51503 
1019 1 0.28827 1.35712 
1020 1 0.246645 1.1947 
1021 1 0.417904 1.0376 
1022 1 0.76623 0.895293 
1023 1 1.25753 0.773582 
1024 1 1.85229 0.676316 
1025 1 2.50491 0.606761 
1026 1 3.1788 0.564903 
1027 1 3.83569 0.550007 
1028 1 4.43512 0.561834 
1029 1 4.95399 0.596527 
1030 1 5.36828 0.650518 
1031 1 5.66687 0.718656 
1032 1 5.84511 0.79554 
1033 1 5.90444 0.876137 
1034 1 5.85488 0.955304 
1035 1 5.70715 1.02942 
1036 1 5.47757 1.09534 
1037 1 5.19025 1.14938 
1038 1 4.86781 1.18925 
1039 1 4.5268 1.21524 
1040 1 4.19292 1.22635 
1041 1 3.88061 1.22401 
1042 1 3.61068 1.20854 
1043 1 3.39219 1.18242 
1044 1 3.22407 1.15027 
1045 1 3.11972 1.11265 
1046 1 3.07642 1.07218 
1047 1 3.09127 1.03133 
1048 1 3.15514 0.99308 
1049 1 3.25798 0.959781 
1050 1 3.39215 0.932273 
1051 1 3.55126 0.910321 
1052 1 3.71891 0.895641 
1053 1 3.88592 0.88842 
1054 1 4.04461 0.887942 
1055 1 4.18556 0.893814 
1056 1 4.30487 0.904653 
1057 1 4.3936 0.920329 
1058 1 4.45772 0.937862 
1059 1 4.4874 0.957824 
1060 1 4.48855 0.978282 
1061 1 4.46714 0.997098 
1062 1 4.42149 1.01448 
1063 1 4.35357 1.03054 
1064 1 4.27747 1.04263 
1065 1 4.19419 1.05095 
1066 1 4.10563 1.05642 
1067 1 4.02431 1.05751 
1068 1 3.94937 1.05536 
1069 1 3.88459 1.05058 
1070 1 3.8298 1.0443 
1071 1 3.79391 1.03542 
1072 1 3.77232 1.02545 
1073 1 3.76874 1.01444 
1074 1 3.7754 1.00447 
1075 1 3.79943 0.994324 
1076 1 3.83427 0.985089 
1077 1 3.87777 0.977315 
1078 1 3.92624 0.971515 
1079 1 3.97679 0.967842 
1080 1 4.02561 0.966489 
1081 1 4.06835 0.967709 
1082 1 4.10895 0.969857 
1083 1 4.13879 0.973991 
1084 1 4.1628 0.978703 
1085 1 4.17525 0.984606 
1086 1 4.17766 0.99117 
1087 1 4.17386 0.997146 
1088 1 4.15916 1.00335 
1089 1 4.14007 1.00855 
1090 1 4.11827 1.01228 
1091 1 4.094 1.01482 
1092 1 4.07119 1.0158 
1093 1 4.04577 1.0165 
1094 1 4.02628 1.01557 
1095 1 4.00977 1.01374 
1096 1 3.99462 1.01191 
1097 1 3.98115 1.01033 
1098 1 3.97573 1.00756 
1099 1 3.96916 1.00558 
1100 1 3.97013 1.00284 
1101 1 3.97489 0.999924 
1102 1 3.98237 0.997316 
1103 1 3.98657 0.996406 
1104 1 3.9914 0.996228 
1105 1 3.99385 0.996883 
1106 1 3.99438 0.998022 
1107 1 3.9944 0.999057 
1108 1 3.99452 0.99969 
1109 1 3.99606 0.999661 
1110 1 3.99943 0.999016 
1111 1 4.00005 0.998992 
1112 1 4.00243 0.998789 
1113 1 4.00365 0.998854 
1114 1 4.00794 0.998306 
1115 1 4.01528 0.997056 
1116 1 4.02399 0.995685 
1117 1 4.02643 0.996125 
1118 1 4.02875 0.997047 
1119 1 4.02854 0.998385 
1120 1 4.02736 0.999632 
1121 1 4.02785 1.00006 
1122 1 4.02604 1.00059 
1123 1 4.02648 1.00047 
1124 1 4.02119 1.00145 
1125 1 4.0199 1.00158 
1126 1 4.01877 1.00135 
1127 1 4.01349 1.00199 
1128 1 4.01114 1.00207 
1129 1 4.00727 1.00226 
1130 1 4.00514 1.00205 
1131 1 4.00525 1.00127 
1132 1 4.00533 1.00057 
1133 1 4.00481 1.00026 
1134 1 4.00299 1.00048 
1135 1 4.00005 1.00104 
1136 1 3.99468 1.00208 
1137 1 3.98869 1.00306 
1138 1 3.98578 1.00301 
1139 1 3.98325 1.00256 
1140 1 3.9795 1.00239 
1141 1 3.97917 1.00161 
1142 1 3.97992 1.00064 
1143 1 3.97785 1.00057 
1144 1 3.97508 1.00097 
1145 1 3.97524 1.00074 
1146 1 3.97605 1.00024 
1147 1 3.97992 0.999134 
1148 1 3.98507 0.997909 
1149 1 3.98647 0.997887 
1150 1 3.98705 0.998454 
1151 1 3.99386 0.997646 
1152 1 4.00246 0.996251 
1153 1 4.01002 0.995355 
1154 1 4.01861 0.994695 
1155 1 4.023 0.995268 
1156 1 4.02388 0.996841 
1157 1 4.02838 0.997418 
1158 1 4.03171 0.997732 
1159 1 4.03625 0.997582 
1160 1 4.03375 0.998895 
1161 1 4.03115 1.00028 
1162 1 4.03223 1.00041 
1163 1 4.03422 0.999872 
1164 1 4.03391 0.999805 
1165 1 4.03383 0.999865 
1166 1 4.03481 0.999713 
1167 1 4.03805 0.999038 
1168 1 4.03782 0.999184 
1169 1 4.03812 0.999438 
1170 1 4.04124 0.999018 
1171 1 4.04406 0.998577 
1172 1 4.04857 0.997903 
1173 1 4.05378 0.997219 
1174 1 4.05767 0.997054 
1175 1 4.05667 0.998203 
1176 1 4.05065 1.00052 
1177 1 4.04693 1.00195 
1178 1 4.04521 1.00216 
1179 1 4.03838 1.00303 
1180 1 4.03289 1.00353 
1181 1 4.02885 1.00342 
1182 1 4.02756 1.00253 
1183 1 4.02059 1.00294 
1184 1 4.01747 1.00279 
1185 1 4.01468 1.00243 
1186 1 4.00833 1.00291 
1187 1 4.00088 1.00376 
1188 1 3.99366 1.00439 
1189 1 3.98628 1.00478 
1190 1 3.97959 1.0048 
1191 1 3.97198 1.0049 
1192 1 3.96393 1.00509 
1193 1 3.96382 1.00348 
1194 1 3.96678 1.00113 
1195 1 3.96748 0.99981 
1196 1 3.97473 0.997824 
1197 1 3.9821 0.996249 
1198 1 3.9905 0.995108 
1199 1 3.99798 0.994697 
1200 1 4.00533 0.994694 
1201 1 4.00975 0.995479 
1202 1 4.01498 0.996086 
1203 1 4.02099 0.996256 
1204 1 4.02208 0.997318 
1205 1 4.01948 0.999145 
1206 1 4.02175 0.999535 
1207 1 4.01807 1.00064 
1208 1 4.01838 1.00072 
1209 1 4.01911 1.00035 
1210 1 4.01596 1.00081 
1211 1 4.0172 1.00042 
1212 1 4.02025 0.999469 
1213 1 4.02115 0.999129 
1214 1 4.02336 0.998817 
1215 1 4.02815 0.998043 
1216 1 4.03169 0.99765 
1217 1 4.03421 0.997742 
1218 1 4.03512 0.998322 
1219 1 4.03268 0.999617 
1220 1 4.02647 1.00156 
1221 1 4.02097 1.00291 
1222 1 4.01983 1.00264 
1223 1 4.01789 1.0021 
1224 1 4.01324 1.00226 
1225 1 4.01305 1.0016 
1226 1 4.0137 1.0007 
1227 1 4.01044 1.00089 
1228 1 4.01105 1.00052 
1229 1 4.01174 1.00007 
1230 1 4.00796 1.00074 
1231 1 4.00414 1.00156 
1232 1 4.00154 1.0019 
1233 1 4.00106 1.00148 
1234 1 3.99946 1.0012 
1235 1 4.00263 1.00001 
1236 1 4.00262 0.999607 
1237 1 4.00776 0.998463 
1238 1 4.01098 0.997879 
1239 1 4.01044 0.99851 
1240 1 4.01489 0.998228 
1241 1 4.01476 0.998754 
1242 1 4.01654 0.99895 
1243 1 4.02134 0.998297 
1244 1 4.02313 0.99825 
1245 1 4.0222 0.999024 
1246 1 4.02447 0.999104 
1247 1 4.024 0.999533 
1248 1 4.02 1.00072 
1249 1 4.02121 1.00061 
1250 -1 -4.98132 1.00093 
1251 -1 -4.64796 0.926647 
1252 -1 -6.89808 0.759698 
1253 -1 -8.78034 0.535761 
1254 -1 -10.1927 0.26306 
1255 -1 -11.1153 -0.0438402 
1256 -1 -11.5499 -0.368292 
1257 -1 -11.5229 -0.693 
1258 -1 -11.0774 -1.00258 
1259 -1 -10.2912 -1.27962 
1260 -1 -9.23506 -1.51346 
1261 -1 -7.99595 -1.69561 
1262 -1 -6.66267 -1.82074 
1263 -1 -5.31349 -1.88869 
1264 -1 -4.02927 -1.90049 
1265 -1 -2.86563 -1.86285 
1266 -1 -1.87881 -1.78198 
1267 -1 -1.11132 -1.66491 
1268 -1 -0.58007 -1.52231 
1269 -1 -0.289133 -1.36533 
1270 -1 -0.231394 -1.20405 
1271 -1 -0.392024 -1.04658 
1272 -1 -0.736151 -0.902092 
1273 -1 -1.22254 -0.778478 
1274 -1 -1.82058 -0.678217 
1275 -1 -2.47835 -0.605885 
1276 -1 -3.15571 -0.562622 
1277 -1 -3.81594 -0.547277 
1278 -1 -4.4236 -0.558032 
1279 -1 -4.94672 -0.592692 
1280 -1 -5.36863 -0.646256 
1281 -1 -5.67065 -0.714912 
1282 -1 -5.85504 -0.791849 
1283 -1 -5.92024 -0.872391 
1284 -1 -5.87322 -0.952223 
1285 -1 -5.72713 -1.02722 
1286 -1 -5.49962 -1.09371 
1287 -1 -5.21006 -1.14898 
1288 -1 -4.88385 -1.19023 
1289 -1 -4.54192 -1.21656 
1290 -1 -4.19965 -1.22921 
1291 -1 -3.88133 -1.22776 
1292 -1 -3.59754 -1.21442 
1293 -1 -3.36712 -1.18971 
1294 -1 -3.19597 -1.15626 
1295 -1 -3.08913 -1.11677 
1296 -1 -3.04429 -1.07465 
1297 -1 -3.05598 -1.03313 
1298 -1 -3.12166 -0.993647 
1299 -1 -3.22955 -0.958631 
1300 -1 -3.37095 -0.929326 
1301 -1 -3.53153 -0.90743 
1302 -1 -3.70071 -0.893394 
1303 -1 -3.87322 -0.885915 
1304 -1 -4.03342 -0.885849 
1305 -1 -4.17819 -0.891708 
1306 -1 -4.30322 -0.901973 
1307 -1 -4.39467 -0.917748 
1308 -1 -4.45951 -0.936015 
1309 -1 -4.49258 -0.956083 
1310 -1 -4.49928 -0.975924 
1311 -1 -4.47391 -0.996199 
1312 -1 -4.43091 -1.01378 
1313 -1 -4.36859 -1.0289 
1314 -1 -4.29635 -1.04036 
1315 -1 -4.21792 -1.04815 
1316 -1 -4.13834 -1.05239 
1317 -1 -4.05985 -1.05378 
1318 -1 -3.98631 -1.05266 
1319 -1 -3.92085 -1.04928 
1320 -1 -3.86537 -1.04405 
1321 -1 -3.82103 -1.03748 
1322 -1 -3.79064 -1.02955 
1323 -1 -3.77826 -1.01981 
1324 -1 -3.77734 -1.01016 
1325 -1 -3.78955 -1.00085 
1326 -1 -3.81476 -0.991857 
1327 -1 -3.8503 -0.983676 
1328 -1 -3.89157 -0.977221 
1329 -1 -3.93434 -0.973158 
1330 -1 -3.97662 -0.971354 
1331 -1 -4.01444 -0.971897 
1332 -1 -4.04675 -0.974266 
1333 -1 -4.0746 -0.977445 
1334 -1 -4.09883 -0.980639 
1335 -1 -4.11662 -0.984204 
1336 -1 -4.12742 -0.988257 
1337 -1 -4.13008 -0.992931 
1338 -1 -4.12733 -0.997457 
1339 -1 -4.11789 -1.00191 
1340 -1 -4.09989 -1.00676 
1341 -1 -4.07865 -1.01084 
1342 -1 -4.054 -1.01407 
1343 -1 -4.02866 -1.01608 
1344 -1 -4.0035 -1.01699 
1345 -1 -3.9857 -1.01558 
1346 -1 -3.97261 -1.01283 
1347 -1 -3.95884 -1.01069 
1348 -1 -3.94676 -1.0091 
1349 -1 -3.94182 -1.00663 
1350 -1 -3.9425 -1.00345 
1351 -1 -3.94678 -1.00029 
1352 -1 -3.95271 -0.99782 
1353 -1 -3.96273 -0.995496 
1354 -1 -3.97008 -0.994591 
1355 -1 -3.98414 -0.992968 
1356 -1 -4.00027 -0.991185 
1357 -1 -4.01305 -0.99069 
1358 -1 -4.0268 -0.990572 
1359 -1 -4.03861 -0.99105 
1360 -1 -4.04729 -0.992264 
1361 -1 -4.05608 -0.993294 
1362 -1 -4.06061 -0.994866 
1363 -1 -4.0601 -0.997215 
1364 -1 -4.06024 -0.998895 
1365 -1 -4.05796 -1.00033 
1366 -1 -4.05336 -1.00172 
1367 -1 -4.04306 -1.0039 
1368 -1 -4.03745 -1.00457 
1369 -1 -4.02617 -1.00578 
1370 -1 -4.02053 -1.00551 
1371 -1 -4.01775 -1.0042 
1372 -1 -4.01716 -1.00249 
1373 -1 -4.01782 -1.00095 
1374 -1 -4.01356 -1.00106 
1375 -1 -4.01025 -1.00148 
1376 -1 -4.0091 -1.00138 
1377 -1 -4.00343 -1.00215 
1378 -1 -3.99738 -1.00303 
1379 -1 -3.99143 -1.00364 
1380 -1 -3.98637 -1.00375 
1381 -1 -3.98241 -1.00342 
1382 -1 -3.98076 -1.00253 
1383 -1 -3.9819 -1.00114 
1384 -1 -3.981 -1.0005 
1385 -1 -3.98293 -0.999688 
1386 -1 -3.98198 -0.999733 
1387 -1 -3.98621 -0.998898 
1388 -1 -3.99212 -0.997672 
1389 -1 -3.99551 -0.997286 
1390 -1 -3.99862 -0.997372 
1391 -1 -4.00608 -0.99662 
1392 -1 -4.01372 -0.995796 
1393 -1 -4.02407 -0.994624 
1394 -1 -4.02898 -0.994933 
1395 -1 -4.03455 -0.995489 
1396 -1 -4.03863 -0.996271 
1397 -1 -4.03938 -0.997607 
1398 -1 -4.0409 -0.998512 
1399 -1 -4.04135 -0.999211 
1400 -1 -4.03709 -1.00065 
1401 -1 -4.03492 -1.0014 
1402 -1 -4.02774 -1.00278 
1403 -1 -4.01922 -1.0042 
1404 -1 -4.01628 -1.00393 
1405 -1 -4.01499 -1.00282 
1406 -1 -4.00885 -1.00287 
1407 -1 -4.00324 -1.00318 
1408 -1 -3.99598 -1.00384 
1409 -1 -3.99422 -1.00317 
1410 -1 -3.99203 -1.00238 
1411 -1 -3.99428 -1.00082 
1412 -1 -3.99958 -0.99885 
1413 -1 -4.00216 -0.998003 
1414 -1 -4.00713 -0.997282 
1415 -1 -4.00767 -0.997829 
1416 -1 -4.00734 -0.998808 
1417 -1 -4.01131 -0.998648 
1418 -1 -4.01678 -0.997831 
1419 -1 -4.01622 -0.998407 
1420 -1 -4.01995 -0.9983 
1421 -1 -4.0201 -0.998797 
1422 -1 -4.01988 -0.999413 
1423 -1 -4.01538 -1.00081 
1424 -1 -4.01225 -1.0017 
1425 -1 -4.011 -1.00171 
1426 -1 -4.01223 -1.00087 
1427 -1 -4.00762 -1.00133 
1428 -1 -4.00738 -1.00109 
1429 -1 -4.0055 -1.00106 
1430 -1 -4.00581 -1.00063 
1431 -1 -4.00952 -0.999454 
1432 -1 -4.01293 -0.998484 
1433 -1 -4.01403 -0.998421 
1434 -1 -4.01291 -0.999176 
1435 -1 -4.01378 -0.99951 
1436 -1 -4.01363 -0.999817 
1437 -1 -4.01466 -0.999753 
1438 -1 -4.01417 -0.999921 
1439 -1 -4.0172 -0.99933 
1440 -1 -4.01432 -0.999996 
1441 -1 -4.00936 -1.00132 
1442 -1 -4.0045 -1.0024 
1443 -1 -4.00023 -1.00291 
1444 -1 -3.99405 -1.00348 
1445 -1 -3.98609 -1.00428 
1446 -1 -3.9772 -1.0051 
1447 -1 -3.96789 -1.00574 
1448 -1 -3.96171 -1.00541 
1449 -1 -3.95872 -1.00416 
1450 -1 -3.96191 -1.00165 
1451 -1 -3.96976 -0.998518 
1452 -1 -3.97329 -0.997184 
1453 -1 -3.98501 -0.995075 
1454 -1 -3.99213 -0.994429 
1455 -1 -3.99693 -0.995005 
1456 -1 -4.00113 -0.99593 
1457 -1 -4.008 -0.996068 
1458 -1 -4.01226 -0.996476 
1459 -1 -4.01272 -0.997686 
1460 -1 -4.0136 -0.998664 
1461 -1 -4.01009 -1.00022 
1462 -1 -4.01223 -1.00019 
1463 -1 -4.01153 -1.00027 
1464 -1 -4.01152 -1.00021 
1465 -1 -4.00745 -1.00103 
1466 -1 -4.00232 -1.00209 
1467 -1 -4.00249 -1.00171 
1468 -1 -4.00316 -1.00087 
1469 -1 -4.00639 -0.999579 
1470 -1 -4.00439 -0.999734 
1471 -1 -4.0025 -1.00029 
1472 -1 -3.99837 -1.0013 
1473 -1 -3.99506 -1.00194 
1474 -1 -3.99478 -1.00157 
1475 -1 -3.99322 -1.00127 
1476 -1 -3.99756 -0.999781 
1477 -1 -3.99631 -0.999637 
1478 -1 -3.99984 -0.998925 
1479 -1 -4.00486 -0.997929 
1480 -1 -4.01309 -0.99646 
1481 -1 -4.01553 -0.996606 
1482 -1 -4.01925 -0.996962 
1483 -1 -4.02377 -0.997087 
1484 -1 -4.02867 -0.997011 
1485 -1 -4.02753 -0.998236 
1486 -1 -4.02635 -0.999493 
1487 -1 -4.0262 -1.00012 
1488 -1 -4.02453 -1.00066 
1489 -1 -4.02374 -1.00079 
1490 -1 -4.01771 -1.00191 
1491 -1 -4.01665 -1.00189 
1492 -1 -4.01261 -1.00215 
1493 -1 -4.01165 -1.00173 
1494 -1 -4.00663 -1.00213 
1495 -1 -4.0066 -1.00156 
1496 -1 -4.00821 -1.00049 
1497 -1 -4.01043 -0.999479 
1498 -1 -4.01262 -0.998828 
1499 -1 -4.01715 -0.997994 
1500 1 -1.0171 -0.998424 
1501 1 -1.05428 -0.974301 
1502 1 -0.138592 -0.91862 
1503 1 0.733552 -0.841949 
1504 1 1.54685 -0.744607 
1505 1 2.29318 -0.628175 
1506 1 2.97051 -0.498199 
1507 1 3.57476 -0.358305 
1508 1 4.10391 -0.211668 
1509 1 4.55725 -0.0611328 
1510 1 4.93754 0.0892356 
1511 1 5.24439 0.238376 
1512 1 5.48501 0.381552 
1513 1 5.66071 0.518291 
1514 1 5.77978 0.645064 
1515 1 5.8476 0.76042 
1516 1 5.86731 0.865594 
1517 1 5.84716 0.958883 
1518 1 5.79333 1.03958 
1519 1 5.71162 1.10775 
1520 1 5.60542 1.16536 
1521 1 5.48213 1.21164 
1522 1 5.34598 1.24728 
1523 1 5.2008 1.27353 
1524 1 5.05112 1.29089 
1525 1 4.90046 1.30015 
1526 1 4.75444 1.30053 
1527 1 4.61391 1.29417 
1528 1 4.48141 1.28233 
1529 1 4.35751 1.26687 
1530 1 4.24357 1.24872 
1531 1 4.14038 1.22856 
1532 1 4.04959 1.20618 
1533 1 3.96961 1.18331 
1534 1 3.902 1.15966 
1535 1 3.84664 1.13546 
1536 1 3.80157 1.11229 
1537 1 3.76834 1.08929 
1538 1 3.74446 1.06778 
1539 1 3.72948 1.048 
1540 1 3.72366 1.02929 
1541 1 3.72435 1.01283 
1542 1 3.72984 0.999409 
1543 1 3.73991 0.988417 
1544 1 3.75318 0.979763 
1545 1 3.76908 0.973024 
1546 1 3.7865 0.968157 
1547 1 3.80712 0.963407 
1548 1 3.82899 0.959439 
1549 1 3.85026 0.957458 
1550 1 3.87283 0.955931 
1551 1 3.8942 0.955861 
1552 1 3.91542 0.956405 
1553 1 3.9353 0.957866 
1554 1 3.95495 0.959296 
1555 1 3.97308 0.961258 
1556 1 3.98962 0.963795 
1557 1 4.0037 0.967325 
1558 1 4.01568 0.971409 
1559 1 4.02761 0.974343 
1560 1 4.03742 0.977334 
1561 1 4.04488 0.980911 
1562 1 4.05051 0.984715 
1563 1 4.05426 0.98858 
1564 1 4.05647 0.992204 
1565 1 4.05761 0.995246 
1566 1 4.05618 0.998802 
1567 1 4.05356 1.00213 
1568 1 4.04998 1.00492 
1569 1 4.04536 1.00729 
1570 1 4.04078 1.0087 
1571 1 4.03501 1.01012 
1572 1 4.03028 1.01037 
1573 1 4.02538 1.01027 
1574 1 4.02146 1.00942 
1575 1 4.01624 1.00948 
1576 1 4.0126 1.00876 
1577 1 4.00999 1.00734 
1578 1 4.00794 1.00579 
1579 1 4.00636 1.0044 
1580 1 4.00418 1.00392 
1581 1 4.00438 1.00232 
1582 1 4.00475 1.00077 
1583 1 4.00529 0.999633 
1584 1 4.00524 0.99941 
1585 1 4.00612 0.998946 
1586 1 4.00719 0.99843 
1587 1 4.00943 0.997285 
1588 1 4.01223 0.995945 
1589 1 4.01454 0.995309 
1590 1 4.01603 0.995667 
1591 1 4.01648 0.996929 
1592 1 4.01794 0.997404 
1593 1 4.01777 0.998538 
1594 1 4.01864 0.998824 
1595 1 4.02015 0.998305 
1596 1 4.02058 0.998408 
1597 1 4.02077 0.998847 
1598 1 4.022 0.99856 
1599 1 4.02348 0.997954 
1600 1 4.02354 0.998394 
1601 1 4.02315 0.999341 
1602 1 4.02352 0.999628 
1603 1 4.02216 1.00076 
1604 1 4.02194 1.00103 
1605 1 4.02096 1.00143 
1606 1 4.02106 1.00102 
1607 1 4.02199 0.999924 
1608 1 4.02306 0.998867 
1609 1 4.02263 0.999179 
1610 1 4.02133 1.00043 
1611 1 4.02193 1.0003 
1612 1 4.02174 1.00028 
1613 1 4.02149 1.00035 
1614 1 4.02068 1.0008 
1615 1 4.01998 1.00115 
1616 1 4.01869 1.00174 
1617 1 4.01854 1.00146 
1618 1 4.0179 1.0013 
1619 1 4.01581 1.00221 
1620 1 4.0132 1.00352 
1621 1 4.0109 1.00431 
1622 1 4.00753 1.00539 
1623 1 4.00601 1.00496 
1624 1 4.00512 1.00376 
1625 1 4.00431 1.00265 
1626 1 4.00455 1.00123 
1627 1 4.00438 1.00046 
1628 1 4.0056 0.999238 
1629 1 4.00767 0.997702 
1630 1 4.00977 0.996557 
1631 1 4.01288 0.995255 
1632 1 4.01567 0.994538 
1633 1 4.01845 0.994265 
1634 1 4.0208 0.994521 
1635 1 4.02293 0.995012 
1636 1 4.02358 0.996409 
1637 1 4.0229 0.998522 
1638 1 4.0228 0.999789 
1639 1 4.02161 1.00107 
1640 1 4.02029 1.00202 
1641 1 4.01969 1.00206 
1642 1 4.01983 1.0013 
1643 1 4.01966 1.00072 
1644 1 4.01816 1.00129 
1645 1 4.01741 1.00155 
1646 1 4.01791 1.00078 
1647 1 4.01861 0.999802 
1648 1 4.01761 1.00021 
1649 1 4.01666 1.00091 
1650 1 4.01685 1.00071 
1651 1 4.01762 0.999894 
1652 1 4.01912 0.998659 
1653 1 4.02029 0.997913 
1654 1 4.01975 0.99872 
1655 1 4.01998 0.999265 
1656 1 4.01986 0.999767 
1657 1 4.02039 0.999659 
1658 1 4.02036 0.999761 
1659 1 4.02065 0.999682 
1660 1 4.02013 1.00011 
1661 1 4.02012 1.00022 
1662 1 4.02011 1.00019 
1663 1 4.0212 0.999387 
1664 1 4.02021 0.99999 
1665 1 4.01966 1.00056 
1666 1 4.01893 1.00105 
1667 1 4.01942 1.00053 
1668 1 4.01896 1.00049 
1669 1 4.01974 0.999794 
1670 1 4.02018 0.999338 
1671 1 4.02161 0.998454 
1672 1 4.02338 0.997494 
1673 1 4.02488 0.997007 
1674 1 4.02499 0.997774 
1675 1 4.02519 0.998633 
1676 1 4.02552 0.999155 
1677 1 4.02681 0.998753 
1678 1 4.02584 0.999683 
1679 1 4.02679 0.999463 
1680 1 4.02536 1.00052 
1681 1 4.02369 1.00182 
1682 1 4.02355 1.00173 
1683 1 4.02352 1.00115 
1684 1 4.02418 1.00013 
1685 1 4.02495 0.999233 
1686 1 4.02478 0.999305 
1687 1 4.02496 0.999443 
1688 1 4.02529 0.999454 
1689 1 4.02531 0.999626 
1690 1 4.02483 1.00013 
1691 1 4.02543 0.999849 
1692 1 4.02584 0.999536 
1693 1 4.02527 0.999967 
1694 1 4.02485 1.0004 
1695 1 4.02419 1.00085 
1696 1 4.02424 1.00069 
1697 1 4.02423 1.00041 
1698 1 4.02245 1.00137 
1699 1 4.02213 1.00144 
1700 1 4.02271 1.0006 
1701 1 4.02387 0.999347 
1702 1 4.02408 0.999006 
1703 1 4.02363 0.99952 
1704 1 4.02443 0.999323 
1705 1 4.02561 0.998693 
1706 1 4.02703 0.997975 
1707 1 4.02746 0.99812 
1708 1 4.02924 0.997609 
1709 1 4.03067 0.997282 
1710 1 4.0323 0.996995 
1711 1 4.03191 0.998159 
1712 1 4.03122 0.999618 
1713 1 4.03101 1.00037 
1714 1 4.0313 1.00031 
1715 1 4.03128 1.0002 
1716 1 4.03142 1 
1717 1 4.03016 1.00077 
1718 1 4.02945 1.00125 
1719 1 4.02835 1.00173 
1720 1 4.02612 1.00279 
1721 1 4.02333 1.00408 
1722 1 4.01965 1.00561 
1723 1 4.01686 1.0061 
1724 1 4.01286 1.0069 
1725 1 4.00839 1.00785 
1726 1 4.00531 1.0076 
1727 1 4.00305 1.00649 
1728 1 3.99963 1.00623 
1729 1 3.99766 1.00539 
1730 1 3.99559 1.00469 
1731 1 3.99283 1.00473 
1732 1 3.99185 1.00382 
1733 1 3.99024 1.00332 
1734 1 3.98964 1.00244 
1735 1 3.99077 1.00059 
1736 1 3.99115 0.999517 
1737 1 3.99363 0.997668 
1738 1 3.99475 0.99708 
1739 1 3.99757 0.99598 
1740 1 3.99941 0.995725 
1741 1 4.00297 0.994693 
1742 1 4.00531 0.994561 
1743 1 4.00654 0.995508 
1744 1 4.00777 0.9965 
1745 1 4.00986 0.996605 
1746 1 4.01256 0.995969 
1747 1 4.01342 0.996527 
1748 1 4.01429 0.997295 
1749 1 4.01484 0.998087 
1750 -1 1.01602 0.9982 
1751 -1 1.05439 0.973258 
1752 -1 0.13912 0.917371 
1753 -1 -0.731706 0.840168 
1754 -1 -1.54457 0.742955 
1755 -1 -2.29081 0.627057 
1756 -1 -2.96672 0.496683 
1757 -1 -3.56982 0.356396 
1758 -1 -4.096 0.208286 
1759 -1 -4.54717 0.0569377 
1760 -1 -4.92493 -0.0939896 
1761 -1 -5.23065 -0.242485 
1762 -1 -5.46841 -0.385986 
1763 -1 -5.64278 -0.522244 
1764 -1 -5.76112 -0.648018 
1765 -1 -5.82748 -0.76303 
1766 -1 -5.8465 -0.867681 
1767 -1 -5.82493 -0.961051 
1768 -1 -5.76952 -1.04209 
1769 -1 -5.68518 -1.11131 
1770 -1 -5.57822 -1.16858 
1771 -1 -5.45541 -1.21335 
1772 -1 -5.32005 -1.2474 
1773 -1 -5.17642 -1.27204 
1774 -1 -5.02812 -1.28843 
1775 -1 -4.87981 -1.29663 
1776 -1 -4.73321 -1.29822 
1777 -1 -4.59147 -1.29383 
1778 -1 -4.45746 -1.28377 
1779 -1 -4.33415 -1.26803 
1780 -1 -4.2207 -1.24907 
1781 -1 -4.11967 -1.22708 
1782 -1 -4.02889 -1.20458 
1783 -1 -3.95224 -1.17999 
1784 -1 -3.88773 -1.1548 
1785 -1 -3.83344 -1.131 
1786 -1 -3.79095 -1.10772 
1787 -1 -3.75942 -1.08508 
1788 -1 -3.73799 -1.06346 
1789 -1 -3.72611 -1.04302 
1790 -1 -3.72174 -1.02478 
1791 -1 -3.72433 -1.00871 
1792 -1 -3.73114 -0.99591 
1793 -1 -3.74275 -0.985269 
1794 -1 -3.75761 -0.976728 
1795 -1 -3.77523 -0.969893 
1796 -1 -3.79574 -0.963977 
1797 -1 -3.81675 -0.96 
1798 -1 -3.83796 -0.957873 
1799 -1 -3.86154 -0.955482 
1800 -1 -3.88277 -0.955371 
1801 -1 -3.90433 -0.955839 
1802 -1 -3.92387 -0.957689 
1803 -1 -3.94352 -0.959307 
1804 -1 -3.96194 -0.961132 
1805 -1 -3.97909 -0.963264 
1806 -1 -3.99549 -0.965286 
1807 -1 -4.00961 -0.96812 
1808 -1 -4.02146 -0.971788 
1809 -1 -4.03112 -0.975974 
1810 -1 -4.03886 -0.980223 
1811 -1 -4.04402 -0.984791 
1812 -1 -4.04818 -0.988608 
1813 -1 -4.0523 -0.990933 
1814 -1 -4.05508 -0.992872 
1815 -1 -4.05784 -0.994055 
1816 -1 -4.06011 -0.994921 
1817 -1 -4.06048 -0.996652 
1818 -1 -4.06117 -0.997887 
1819 -1 -4.05979 -0.999921 
1820 -1 -4.05894 -1.00119 
1821 -1 -4.05598 -1.0032 
1822 -1 -4.05356 -1.00441 
1823 -1 -4.04905 -1.00635 
1824 -1 -4.04494 -1.00762 
1825 -1 -4.0417 -1.00766 
1826 -1 -4.03657 -1.00854 
1827 -1 -4.03352 -1.00802 
1828 -1 -4.0309 -1.00692 
1829 -1 -4.02681 -1.00697 
1830 -1 -4.02404 -1.00651 
1831 -1 -4.02202 -1.00553 
1832 -1 -4.01838 -1.00579 
1833 -1 -4.01675 -1.00503 
1834 -1 -4.01609 -1.00354 
1835 -1 -4.01439 -1.003 
1836 -1 -4.01445 -1.00178 
1837 -1 -4.01414 -1.00098 
1838 -1 -4.01395 -1.00052 
1839 -1 -4.01399 -1.00017 
1840 -1 -4.01469 -0.999522 
1841 -1 -4.01396 -0.999952 
1842 -1 -4.01453 -0.999735 
1843 -1 -4.01561 -0.999028 
1844 -1 -4.01685 -0.998292 
1845 -1 -4.01827 -0.99767 
1846 -1 -4.0204 -0.996816 
1847 -1 -4.02304 -0.995837 
1848 -1 -4.02402 -0.996244 
1849 -1 -4.02496 -0.997001 
1850 -1 -4.02459 -0.998505 
1851 -1 -4.02466 -0.999454 
1852 -1 -4.02377 -1.00055 
1853 -1 -4.02402 -1.00056 
1854 -1 -4.02352 -1.00071 
1855 -1 -4.02332 -1.00066 
1856 -1 -4.02387 -1.00005 
1857 -1 -4.02318 -1.00029 
1858 -1 -4.02238 -1.00081 
1859 -1 -4.02183 -1.00108 
1860 -1 -4.02189 -1.00077 
1861 -1 -4.02066 -1.00123 
1862 -1 -4.0191 -1.00201 
1863 -1 -4.01936 -1.00143 
1864 -1 -4.02005 -1.0003 
1865 -1 -4.02022 -0.999711 
1866 -1 -4.02101 -0.999081 
1867 -1 -4.02063 -0.999433 
1868 -1 -4.01916 -1.00072 
1869 -1 -4.01791 -1.00174 
1870 -1 -4.01711 -1.00203 
1871 -1 -4.01717 -1.00141 
1872 -1 -4.01692 -1.0009 
1873 -1 -4.01569 -1.00125 
1874 -1 -4.01444 -1.00179 
1875 -1 -4.01493 -1.00104 
1876 -1 -4.01418 -1.00095 
1877 -1 -4.01382 -1.00084 
1878 -1 -4.01289 -1.00114 
1879 -1 -4.01164 -1.00169 
1880 -1 -4.01191 -1.00113 
1881 -1 -4.0123 -1.00031 
1882 -1 -4.01163 -1.00038 
1883 -1 -4.01171 -1.00023 
1884 -1 -4.01275 -0.9994 
1885 -1 -4.01391 -0.998555 
1886 -1 -4.01559 -0.997633 
1887 -1 -4.0168 -0.997309 
1888 -1 -4.01769 -0.997508 
1889 -1 -4.01827 -0.998015 
1890 -1 -4.01935 -0.998128 
1891 -1 -4.0208 -0.997818 
1892 -1 -4.02148 -0.997991 
1893 -1 -4.02159 -0.998645 
1894 -1 -4.02245 -0.998745 
1895 -1 -4.02384 -0.998264 
1896 -1 -4.02417 -0.998463 
1897 -1 -4.02574 -0.997999 
1898 -1 -4.02539 -0.998741 
1899 -1 -4.02403 -1.00032 
1900 -1 -4.02196 -1.00211 
1901 -1 -4.02148 -1.00233 
1902 -1 -4.01902 -1.00326 
1903 -1 -4.01615 -1.0044 
1904 -1 -4.01457 -1.00437 
1905 -1 -4.01334 -1.00372 
1906 -1 -4.01288 -1.00257 
1907 -1 -4.01293 -1.0013 
1908 -1 -4.0132 -1.00026 
1909 -1 -4.01356 -0.999591 
1910 -1 -4.015 -0.998544 
1911 -1 -4.01519 -0.998551 
1912 -1 -4.01585 -0.998597 
1913 -1 -4.01755 -0.997947 
1914 -1 -4.01937 -0.997203 
1915 -1 -4.01952 -0.997788 
1916 -1 -4.02003 -0.998375 
1917 -1 -4.01919 -0.999677 
1918 -1 -4.01847 -1.0007 
1919 -1 -4.01663 -1.00203 
1920 -1 -4.01596 -1.00224 
1921 -1 -4.01377 -1.00303 
1922 -1 -4.01323 -1.00264 
1923 -1 -4.013 -1.00178 
1924 -1 -4.0122 -1.00144 
1925 -1 -4.01099 -1.00165 
1926 -1 -4.00971 -1.00202 
1927 -1 -4.00981 -1.0014 
1928 -1 -4.00853 -1.00159 
1929 -1 -4.00858 -1.00108 
1930 -1 -4.00839 -1.00068 
1931 -1 -4.00797 -1.0006 
1932 -1 -4.00658 -1.0013 
1933 -1 -4.00464 -1.00239 
1934 -1 -4.00391 -1.00245 
1935 -1 -4.00239 -1.00266 
1936 -1 -4.00029 -1.00324 
1937 -1 -3.99973 -1.00273 
1938 -1 -3.99966 -1.0017 
1939 -1 -3.99896 -1.00125 
1940 -1 -3.9978 -1.00146 
1941 -1 -3.99805 -1.00088 
1942 -1 -3.99822 -1.00027 
1943 -1 -4.00005 -0.998764 
1944 -1 -4.00243 -0.997089 
1945 -1 -4.00367 -0.996673 
1946 -1 -4.00644 -0.995798 
1947 -1 -4.00976 -0.994691 
1948 -1 -4.0125 -0.994265 
1949 -1 -4.01586 -0.993793 
1950 -1 -4.01792 -0.994336 
1951 -1 -4.02077 -0.994503 
1952 -1 -4.0223 -0.995369 
1953 -1 -4.02491 -0.995464 
1954 -1 -4.02722 -0.995463 
1955 -1 -4.02869 -0.995998 
1956 -1 -4.02849 -0.997645 
1957 -1 -4.0271 -0.999905 
1958 -1 -4.02498 -1.0021 
1959 -1 -4.02244 -1.00383 
1960 -1 -4.01951 -1.00508 
1961 -1 -4.01763 -1.00506 
1962 -1 -4.01439 -1.00552 
1963 -1 -4.01165 -1.00567 
1964 -1 -4.00842 -1.00598 
1965 -1 -4.00566 -1.00593 
1966 -1 -4.00202 -1.00636 
1967 -1 -4.00086 -1.00516 
1968 -1 -4.00047 -1.0033 
1969 -1 -3.99975 -1.00206 
1970 -1 -4.00027 -1.00061 
1971 -1 -4.00137 -0.999192 
1972 -1 -4.00239 -0.998309 
1973 -1 -4.00472 -0.997022 
1974 -1 -4.00569 -0.996942 
1975 -1 -4.00827 -0.996212 
1976 -1 -4.01115 -0.995314 
1977 -1 -4.01418 -0.994554 
1978 -1 -4.01563 -0.99515 
1979 -1 -4.01622 -0.996576 
1980 -1 -4.01754 -0.997309 
1981 -1 -4.0174 -0.998546 
1982 -1 -4.01876 -0.998538 
1983 -1 -4.0194 -0.998593 
1984 -1 -4.01967 -0.998902 
1985 -1 -4.0192 -0.99968 
1986 -1 -4.01928 -0.999993 
1987 -1 -4.02019 -0.999499 
1988 -1 -4.02073 -0.999137 
1989 -1 -4.02138 -0.998874 
1990 -1 -4.02041 -0.999809 
1991 -1 -4.01989 -1.00053 
1992 -1 -4.0183 -1.00165 
1993 -1 -4.01707 -1.00229 
1994 -1 -4.01669 -1.002 
1995 -1 -4.01532 -1.00215 
1996 -1 -4.01388 -1.00244 
1997 -1 -4.01411 -1.00157 
1998 -1 -4.01476 -1.00032 
1999 -1 -4.01357 -1.00059 
2000 1 4.99013 -1.00131 
2001 1 4.65862 -0.927442 
2002 1 6.9041 -0.759335 
2003 1 8.7766 -0.532964 
2004 1 10.1815 -0.258731 
2005 1 11.0982 0.0485575 
2006 1 11.5211 0.374154 
2007 1 11.4882 0.698625 
2008 1 11.0388 1.00711 
2009 1 10.246 1.28374 
2010 1 9.18872 1.51632 
2011 1 7.95147 1.69668 
2012 1 6.61468 1.82164 
2013 1 5.26675 1.88895 
2014 1 3.98606 1.89967 
2015 1 2.8274 1.86083 
2016 1 1.85259 1.77757 
2017 1 1.09145 1.65977 
2018 1 0.570357 1.51637 
2019 1 0.284918 1.35988 
2020 1 0.239046 1.19795 
2021 1 0.405195 1.04107 
2022 1 0.753055 0.897783 
2023 1 1.24505 0.774762 
2024 1 1.83828 0.677004 
2025 1 2.49657 0.605796 
2026 1 3.1768 0.5623 
2027 1 3.83231 0.548033 
2028 1 4.43294 0.56046 
2029 1 4.95155 0.595869 
2030 1 5.36894 0.649629 
2031 1 5.66953 0.717541 
2032 1 5.84831 0.794602 
2033 1 5.90699 0.875715 
2034 1 5.85715 0.955258 
2035 1 5.70918 1.02957 
2036 1 5.48027 1.09535 
2037 1 5.19624 1.14861 
2038 1 4.87377 1.18849 
2039 1 4.53718 1.21375 
2040 1 4.20564 1.22459 
2041 1 3.89723 1.22188 
2042 1 3.62116 1.20836 
2043 1 3.39712 1.18419 
2044 1 3.22596 1.15277 
2045 1 3.11334 1.1164 
2046 1 3.06134 1.07703 
2047 1 3.06962 1.03639 
2048 1 3.13047 0.997193 
2049 1 3.23047 0.962838 
2050 1 3.36781 0.933254 
2051 1 3.52283 0.911194 
2052 1 3.69146 0.895969 
2053 1 3.86091 0.887914 
2054 1 4.02054 0.887119 
2055 1 4.16724 0.891881 
2056 1 4.28834 0.902595 
2057 1 4.38607 0.916919 
2058 1 4.45301 0.934511 
2059 1 4.48893 0.954222 
2060 1 4.49251 0.975257 
2061 1 4.47336 0.994772 
2062 1 4.42516 1.01373 
2063 1 4.36011 1.02993 
2064 1 4.27906 1.04336 
2065 1 4.18837 1.05354 
2066 1 4.09574 1.05967 
2067 1 4.00773 1.06138 
2068 1 3.92909 1.05897 
2069 1 3.86146 1.05354 
2070 1 3.81216 1.04483 
2071 1 3.77888 1.03438 
2072 1 3.75708 1.02429 
2073 1 3.75777 1.01267 
2074 1 3.77214 1.00138 
2075 1 3.79937 0.991107 
2076 1 3.8387 0.981907 
2077 1 3.8829 0.975048 
2078 1 3.92892 0.970854 
2079 1 3.97393 0.969169 
2080 1 4.01797 0.969098 
2081 1 4.05983 0.970072 
2082 1 4.0967 0.972179 
2083 1 4.12531 0.975797 
2084 1 4.14528 0.980634 
2085 1 4.15808 0.985857 
2086 1 4.15994 0.991898 
2087 1 4.15303 0.998148 
2088 1 4.13749 1.0043 
2089 1 4.12132 1.00851 
2090 1 4.09746 1.01238 
2091 1 4.06943 1.01577 
2092 1 4.04445 1.0172 
2093 1 4.01934 1.01752 
2094 1 3.99926 1.01625 
2095 1 3.98185 1.01428 
2096 1 3.97067 1.01135 
2097 1 3.96559 1.00771 
2098 1 3.96091 1.00497 
2099 1 3.95995 1.00261 
2100 1 3.96227 1.00044 
2101 1 3.96759 0.998387 
2102 1 3.97128 0.997421 
2103 1 3.98141 0.995706 
2104 1 3.98784 0.995139 
2105 1 3.99618 0.994717 
2106 1 4.00019 0.995445 
2107 1 4.00431 0.996291 
2108 1 4.01225 0.996044 
2109 1 4.01759 0.996093 
2110 1 4.02428 0.995926 
2111 1 4.03276 0.995344 
2112 1 4.03971 0.995157 
2113 1 4.0439 0.995777 
2114 1 4.04248 0.997707 
2115 1 4.04087 0.999472 
2116 1 4.04199 0.999989 
2117 1 4.0441 0.999695 
2118 1 4.04626 0.99922 
2119 1 4.04839 0.998848 
2120 1 4.05178 0.998355 
2121 1 4.05445 0.998146 
2122 1 4.05726 0.998069 
2123 1 4.06004 0.998069 
2124 1 4.05849 0.999057 
2125 1 4.05495 1.00049 
2126 1 4.04809 1.00233 
2127 1 4.04315 1.00326 
2128 1 4.04023 1.00313 
2129 1 4.03652 1.00287 
2130 1 4.03031 1.00321 
2131 1 4.02854 1.00264 
2132 1 4.02766 1.00177 
2133 1 4.02644 1.00116 
2134 1 4.02175 1.00161 
2135 1 4.02206 1.00116 
2136 1 4.02091 1.00088 
2137 1 4.0164 1.00149 
2138 1 4.01409 1.00171 
2139 1 4.01098 1.00191 
2140 1 4.01192 1.00113 
2141 1 4.01103 1.00069 
2142 1 4.00825 1.00093 
2143 1 4.01014 1.00028 
2144 1 4.01074 0.999838 
2145 1 4.01057 0.999782 
2146 1 4.01542 0.998758 
2147 1 4.01759 0.998349 
2148 1 4.02367 0.997413 
2149 1 4.02586 0.997475 
2150 1 4.02393 0.998767 
2151 1 4.02557 0.999245 
2152 1 4.02163 1.00053 
2153 1 4.01775 1.00164 
2154 1 4.01696 1.00164 
2155 1 4.01399 1.00176 
2156 1 4.01533 1.00091 
2157 1 4.01506 1.00038 
2158 1 4.01414 1.00028 
2159 1 4.01482 1.00001 
2160 1 4.01872 0.999044 
2161 1 4.02479 0.997694 
2162 1 4.02523 0.997916 
2163 1 4.03037 0.997542 
2164 1 4.02828 0.998701 
2165 1 4.02757 0.999677 
2166 1 4.02715 1.0002 
2167 1 4.02843 1.00003 
2168 1 4.02723 1.00023 
2169 1 4.02327 1.0011 
2170 1 4.01692 1.00243 
2171 1 4.01632 1.0022 
2172 1 4.01215 1.00232 
2173 1 4.01061 1.00192 
2174 1 4.0127 1.00069 
2175 1 4.0163 0.999246 
2176 1 4.01821 0.998592 
2177 1 4.01634 0.99926 
2178 1 4.01323 1.00042 
2179 1 4.00959 1.00147 
2180 1 4.00287 1.00283 
2181 1 3.99639 1.00378 
2182 1 3.99619 1.00288 
2183 1 3.9969 1.00146 
2184 1 4.00057 0.999688 
2185 1 4.00809 0.997529 
2186 1 4.0107 0.997054 
2187 1 4.01813 0.996226 
2188 1 4.02092 0.996587 
2189 1 4.02822 0.996223 
2190 1 4.03019 0.996922 
2191 1 4.03309 0.997538 
2192 1 4.03506 0.998125 
2193 1 4.03562 0.998822 
2194 1 4.03874 0.998754 
2195 1 4.04269 0.998268 
2196 1 4.04566 0.998023 
2197 1 4.04676 0.998356 
2198 1 4.04502 0.999402 
2199 1 4.04151 1.00073 
2200 1 4.03566 1.00223 
2201 1 4.03188 1.00283 
2202 1 4.03074 1.00234 
2203 1 4.02737 1.00214 
2204 1 4.02834 1.00115 
2205 1 4.02917 1.00025 
2206 1 4.03297 0.999022 
2207 1 4.03312 0.998906 
2208 1 4.03292 0.999277 
2209 1 4.03653 0.998838 
2210 1 4.03658 0.999068 
2211 1 4.03355 1.00013 
2212 1 4.03249 1.00068 
2213 1 4.02736 1.00177 
2214 1 4.02539 1.00198 
2215 1 4.02488 1.00151 
2216 1 4.01925 1.0021 
2217 1 4.01855 1.00175 
2218 1 4.01737 1.00131 
2219 1 4.01878 1.00042 
2220 1 4.01768 1.00022 
2221 1 4.0172 1.00019 
2222 1 4.01944 0.999617 
2223 1 4.01755 0.999975 
2224 1 4.02043 0.999463 
2225 1 4.02413 0.998648 
2226 1 4.02714 0.998159 
2227 1 4.0261 0.99884 
2228 1 4.02777 0.999084 
2229 1 4.03119 0.998709 
2230 1 4.02876 0.999554 
2231 1 4.02369 1.00111 
2232 1 4.0231 1.00139 
2233 1 4.01713 1.00235 
2234 1 4.01232 1.00295 
2235 1 4.0066 1.00344 
2236 1 3.99892 1.00416 
2237 1 3.99701 1.00344 
2238 1 3.99396 1.00273 
2239 1 3.9952 1.00131 
2240 1 3.99546 1.00034 
2241 1 4.00005 0.998884 
2242 1 4.00081 0.998602 
2243 1 4.00187 0.998739 
2244 1 4.00762 0.997928 
2245 1 4.0094 0.997951 
2246 1 4.01398 0.997624 
2247 1 4.01283 0.998563 
2248 1 4.01373 0.999154 
2249 1 4.01587 0.999159 
2250 -1 -4.9799 0.998501 
2251 -1 -4.64455 0.924259 
2252 -1 -6.88643 0.756288 
2253 -1 -8.75994 0.531203 
2254 -1 -10.1608 0.257073 
2255 -1 -11.0759 -0.0499601 
2256 -1 -11.5058 -0.373449 
2257 -1 -11.4733 -0.697373 
2258 -1 -11.0299 -1.00474 
2259 -1 -10.239 -1.28137 
2260 -1 -9.18264 -1.51454 
2261 -1 -7.94267 -1.6963 
2262 -1 -6.61021 -1.82089 
2263 -1 -5.26562 -1.88759 
2264 -1 -3.98245 -1.89911 
2265 -1 -2.83112 -1.85909 
2266 -1 -1.85811 -1.77562 
2267 -1 -1.10006 -1.65771 
2268 -1 -0.575069 -1.51583 
2269 -1 -0.288219 -1.36034 
2270 -1 -0.234874 -1.20025 
2271 -1 -0.396505 -1.04422 
2272 -1 -0.740602 -0.901003 
2273 -1 -1.22954 -0.777611 
2274 -1 -1.82206 -0.678938 
2275 -1 -2.47739 -0.607439 
2276 -1 -3.15096 -0.564778 
2277 -1 -3.80785 -0.549656 
2278 -1 -4.40632 -0.561737 
2279 -1 -4.92999 -0.595481 
2280 -1 -5.3535 -0.647454 
2281 -1 -5.65847 -0.714522 
2282 -1 -5.84114 -0.791445 
2283 -1 -5.90947 -0.87142 
2284 -1 -5.86093 -0.951724 
2285 -1 -5.7138 -1.02728 
2286 -1 -5.49026 -1.09305 
2287 -1 -5.20727 -1.14684 
2288 -1 -4.88496 -1.18745 
2289 -1 -4.54964 -1.21302 
2290 -1 -4.21748 -1.22435 
2291 -1 -3.90975 -1.22173 
2292 -1 -3.63613 -1.20775 
2293 -1 -3.41252 -1.18353 
2294 -1 -3.24579 -1.15133 
2295 -1 -3.13868 -1.11396 
2296 -1 -3.08814 -1.07474 
2297 -1 -3.0962 -1.03497 
2298 -1 -3.15434 -0.997133 
2299 -1 -3.25012 -0.964192 
2300 -1 -3.38355 -0.935497 
2301 -1 -3.53846 -0.913009 
2302 -1 -3.69975 -0.898668 
2303 -1 -3.86591 -0.890741 
2304 -1 -4.01976 -0.89033 
2305 -1 -4.15877 -0.895858 
2306 -1 -4.27964 -0.905554 
2307 -1 -4.37197 -0.919751 
2308 -1 -4.43695 -0.936793 
2309 -1 -4.47168 -0.955825 
2310 -1 -4.47736 -0.975632 
2311 -1 -4.46006 -0.994201 
2312 -1 -4.41514 -1.01231 
2313 -1 -4.35007 -1.0287 
2314 -1 -4.271 -1.04217 
2315 -1 -4.18454 -1.05181 
2316 -1 -4.09911 -1.05674 
2317 -1 -4.01271 -1.05867 
2318 -1 -3.93211 -1.05767 
2319 -1 -3.86795 -1.05237 
2320 -1 -3.82086 -1.04361 
2321 -1 -3.78288 -1.03459 
2322 -1 -3.76279 -1.02452 
2323 -1 -3.75546 -1.01462 
2324 -1 -3.75971 -1.0055 
2325 -1 -3.77456 -0.997328 
2326 -1 -3.79794 -0.990298 
2327 -1 -3.83494 -0.982967 
2328 -1 -3.87644 -0.976979 
2329 -1 -3.92153 -0.972637 
2330 -1 -3.96372 -0.970935 
2331 -1 -4.00593 -0.970675 
2332 -1 -4.04093 -0.972586 
2333 -1 -4.07355 -0.975113 
2334 -1 -4.1014 -0.978062 
2335 -1 -4.1212 -0.981956 
2336 -1 -4.13544 -0.986106 
2337 -1 -4.14516 -0.98996 
2338 -1 -4.145 -0.994626 
2339 -1 -4.13991 -0.999104 
2340 -1 -4.12611 -1.00396 
2341 -1 -4.10942 -1.00797 
2342 -1 -4.0862 -1.01181 
2343 -1 -4.06511 -1.01384 
2344 -1 -4.03956 -1.01558 
2345 -1 -4.01367 -1.01672 
2346 -1 -3.99027 -1.01673 
2347 -1 -3.97231 -1.01515 
2348 -1 -3.95462 -1.0135 
2349 -1 -3.94366 -1.01089 
2350 -1 -3.93825 -1.00759 
2351 -1 -3.93929 -1.00373 
2352 -1 -3.94301 -1.00037 
2353 -1 -3.94806 -0.998008 
2354 -1 -3.95824 -0.995621 
2355 -1 -3.96679 -0.994384 
2356 -1 -3.97853 -0.993237 
2357 -1 -3.99038 -0.992473 
2358 -1 -4.00644 -0.991161 
2359 -1 -4.01899 -0.99088 
2360 -1 -4.02934 -0.991526 
2361 -1 -4.03824 -0.992588 
2362 -1 -4.04194 -0.994591 
2363 -1 -4.04763 -0.995796 
2364 -1 -4.04778 -0.997567 
2365 -1 -4.04882 -0.998737 
2366 -1 -4.04521 -1.00035 
2367 -1 -4.04321 -1.00122 
2368 -1 -4.04149 -1.00148 
2369 -1 -4.03359 -1.00283 
2370 -1 -4.02389 -1.00449 
2371 -1 -4.01185 -1.00622 
2372 -1 -4.00569 -1.0061 
2373 -1 -4.002 -1.00484 
2374 -1 -3.99836 -1.00362 
2375 -1 -3.99276 -1.00325 
2376 -1 -3.99007 -1.00264 
2377 -1 -3.98635 -1.00239 
2378 -1 -3.98834 -1.00106 
2379 -1 -3.99073 -0.999736 
2380 -1 -3.98954 -0.999645 
2381 -1 -3.98876 -0.999908 
2382 -1 -3.99331 -0.999014 
2383 -1 -4.00091 -0.997357 
2384 -1 -4.00522 -0.996727 
2385 -1 -4.00874 -0.996826 
2386 -1 -4.00954 -0.997738 
2387 -1 -4.01371 -0.99787 
2388 -1 -4.01217 -0.998966 
2389 -1 -4.01084 -0.999973 
2390 -1 -4.00913 -1.0007 
2391 -1 -4.00662 -1.00126 
2392 -1 -4.0013 -1.00221 
2393 -1 -3.99814 -1.00249 
2394 -1 -3.99515 -1.00242 
2395 -1 -3.99705 -1.00117 
2396 -1 -3.99498 -1.00082 
2397 -1 -3.99432 -1.00058 
2398 -1 -3.99422 -1.00033 
2399 -1 -3.99234 -1.00055 
2400 -1 -3.98997 -1.00097 
2401 -1 -3.99295 -1.00012 
2402 -1 -3.99605 -0.999111 
2403 -1 -3.99928 -0.998354 
2404 -1 -4.00127 -0.998207 
2405 -1 -4.0031 -0.998349 
2406 -1 -4.00558 -0.998396 
2407 -1 -4.01083 -0.997779 
2408 -1 -4.01521 -0.99734 
2409 -1 -4.0188 -0.997282 
2410 -1 -4.01978 -0.997952 
2411 -1 -4.0189 -0.999054 
2412 -1 -4.02091 -0.999289 
2413 -1 -4.0188 -1.00007 
2414 -1 -4.01975 -1.0001 
2415 -1 -4.01769 -1.00053 
2416 -1 -4.01444 -1.00122 
2417 -1 -4.00933 -1.00218 
2418 -1 -4.00711 -1.00227 
2419 -1 -4.00175 -1.00273 
2420 -1 -3.99624 -1.0032 
2421 -1 -3.9934 -1.00292 
2422 -1 -3.98995 -1.00262 
2423 -1 -3.99216 -1.00116 
2424 -1 -3.99676 -0.999261 
2425 -1 -4.00046 -0.998052 
2426 -1 -4.00375 -0.997568 
2427 -1 -4.01059 -0.996698 
2428 -1 -4.01932 -0.995569 
2429 -1 -4.02127 -0.996235 
2430 -1 -4.0286 -0.996083 
2431 -1 -4.03267 -0.996435 
2432 -1 -4.0343 -0.997377 
2433 -1 -4.03709 -0.997946 
2434 -1 -4.03769 -0.998687 
2435 -1 -4.03533 -0.999897 
2436 -1 -4.03586 -1.00022 
2437 -1 -4.03465 -1.00052 
2438 -1 -4.03571 -1.00021 
2439 -1 -4.03862 -0.999393 
2440 -1 -4.03717 -0.999643 
2441 -1 -4.03307 -1.00076 
2442 -1 -4.033 -1.00089 
2443 -1 -4.03229 -1.0008 
2444 -1 -4.02628 -1.00184 
2445 -1 -4.02575 -1.00169 
2446 -1 -4.02176 -1.00196 
2447 -1 -4.02213 -1.00132 
2448 -1 -4.0175 -1.00169 
2449 -1 -4.01755 -1.00124 
2450 -1 -4.01862 -1.00044 
2451 -1 -4.01669 -1.00045 
2452 -1 -4.0129 -1.00115 
2453 -1 -4.00667 -1.00238 
2454 -1 -4.00382 -1.00263 
2455 -1 -3.99938 -1.00283 
2456 -1 -3.99227 -1.00353 
2457 -1 -3.9845 -1.00431 
2458 -1 -3.98112 -1.00389 
2459 -1 -3.97884 -1.00296 
2460 -1 -3.97821 -1.0018 
2461 -1 -3.98297 -0.999758 
2462 -1 -3.9835 -0.99904 
2463 -1 -3.98534 -0.998712 
2464 -1 -3.99218 -0.997512 
2465 -1 -3.99595 -0.997103 
2466 -1 -3.99872 -0.997318 
2467 -1 -4.00074 -0.997835 
2468 -1 -4.0021 -0.998425 
2469 -1 -4.00329 -0.998884 
2470 -1 -4.00734 -0.998509 
2471 -1 -4.008 -0.998732 
2472 -1 -4.00584 -0.999711 
2473 -1 -4.0044 -1.00045 
2474 -1 -4.00725 -0.999916 
2475 -1 -4.0102 -0.999109 
2476 -1 -4.01354 -0.998395 
2477 -1 -4.0127 -0.998879 
2478 -1 -4.01565 -0.998759 
2479 -1 -4.02009 -0.998145 
2480 -1 -4.02297 -0.997919 
2481 -1 -4.02595 -0.997875 
2482 -1 -4.02514 -0.998747 
2483 -1 -4.02574 -0.999323 
2484 -1 -4.02415 -1.00009 
2485 -1 -4.02691 -0.999706 
2486 -1 -4.03106 -0.998753 
2487 -1 -4.0344 -0.998108 
2488 -1 -4.03317 -0.998799 
2489 -1 -4.03438 -0.999161 
2490 -1 -4.03568 -0.999272 
2491 -1 -4.03612 -0.999452 
2492 -1 -4.03574 -0.999779 
2493 -1 -4.03302 -1.00057 
2494 -1 -4.03234 -1.00079 
2495 -1 -4.02849 -1.00146 
2496 -1 -4.02917 -1.00104 
2497 -1 -4.02366 -1.00178 
2498 -1 -4.0218 -1.00185 
2499 -1 -4.02317 -1.00095 
2500 1 -1.02317 -1.00033 
2501 1 -1.06003 -0.975446 
2502 1 -0.144537 -0.918997 
2503 1 0.727936 -0.842163 
2504 1 1.54009 -0.743932 
2505 1 2.28846 -0.628795 
2506 1 2.96536 -0.498746 
2507 1 3.56986 -0.35882 
2508 1 4.09955 -0.212361 
2509 1 4.5541 -0.0624579 
2510 1 4.93274 0.0892382 
2511 1 5.24097 0.237904 
2512 1 5.47998 0.382153 
2513 1 5.65743 0.517882 
2514 1 5.77674 0.64429 
2515 1 5.84397 0.760178 
2516 1 5.86354 0.865703 
2517 1 5.84427 0.958489 
2518 1 5.79069 1.03897 
2519 1 5.7096 1.10687 
2520 1 5.60454 1.16392 
2521 1 5.48333 1.20911 
2522 1 5.34955 1.24365 
2523 1 5.20629 1.26945 
2524 1 5.05957 1.28605 
2525 1 4.91179 1.29475 
2526 1 4.76603 1.29658 
2527 1 4.6251 1.29228 
2528 1 4.49228 1.28197 
2529 1 4.36732 1.26785 
2530 1 4.25431 1.2492 
2531 1 4.15024 1.2293 
2532 1 4.05782 1.20785 
2533 1 3.978 1.18462 
2534 1 3.91119 1.15988 
2535 1 3.85442 1.13619 
2536 1 3.80814 1.11375 
2537 1 3.77276 1.09194 
2538 1 3.74641 1.07159 
2539 1 3.72995 1.05192 
2540 1 3.72046 1.03438 
2541 1 3.719 1.01805 
2542 1 3.72422 1.00311 
2543 1 3.73575 0.989403 
2544 1 3.75122 0.978057 
2545 1 3.77049 0.968737 
2546 1 3.79278 0.961191 
2547 1 3.81704 0.95544 
2548 1 3.84181 0.951863 
2549 1 3.86797 0.949279 
2550 1 3.89242 0.949022 
2551 1 3.91574 0.950385 
2552 1 3.93739 0.952945 
2553 1 3.9577 0.955943 
2554 1 3.97569 0.959636 
2555 1 3.99141 0.96384 
2556 1 4.00446 0.968591 
2557 1 4.01589 0.973029 
2558 1 4.02439 0.977832 
2559 1 4.03276 0.981238 
2560 1 4.03983 0.983914 
2561 1 4.04472 0.986913 
2562 1 4.04901 0.989413 
2563 1 4.05078 0.992594 
2564 1 4.05237 0.995066 
2565 1 4.05143 0.998158 
2566 1 4.04917 1.00131 
2567 1 4.04564 1.00428 
2568 1 4.04359 1.00521 
2569 1 4.0412 1.00538 
2570 1 4.03829 1.00558 
2571 1 4.0347 1.00618 
2572 1 4.03073 1.00696 
2573 1 4.02605 1.00803 
2574 1 4.02074 1.00925 
2575 1 4.01554 1.01004 
2576 1 4.01103 1.00996 
2577 1 4.00819 1.00851 
2578 1 4.00456 1.00761 
2579 1 4.00279 1.00596 
2580 1 4.00111 1.00454 
2581 1 4.00092 1.00268 
2582 1 4.00073 1.00129 
2583 1 4.00048 1.00057 
2584 1 4.00154 0.999427 
2585 1 4.00242 0.99865 
2586 1 4.0046 0.997391 
2587 1 4.00716 0.996135 
2588 1 4.0093 0.995579 
2589 1 4.01062 0.995983 
2590 1 4.01306 0.99583 
2591 1 4.01531 0.995672 
2592 1 4.0178 0.995397 
2593 1 4.02017 0.995264 
2594 1 4.02256 0.995202 
2595 1 4.02452 0.995478 
2596 1 4.02511 0.996683 
2597 1 4.02725 0.996765 
2598 1 4.02902 0.996688 
2599 1 4.02918 0.997659 
2600 1 4.03002 0.998206 
2601 1 4.03075 0.998496 
2602 1 4.03181 0.998392 
2603 1 4.03247 0.998452 
2604 1 4.03285 0.998733 
2605 1 4.03306 0.999108 
2606 1 4.03328 0.999386 
2607 1 4.03369 0.999412 
2608 1 4.03427 0.999225 
2609 1 4.03507 0.99889 
2610 1 4.03448 0.99954 
2611 1 4.03474 0.999741 
2612 1 4.03529 0.999527 
2613 1 4.03386 1.00056 
2614 1 4.03183 1.00207 
2615 1 4.03072 1.00263 
2616 1 4.02899 1.00309 
2617 1 4.02673 1.00372 
2618 1 4.0261 1.00311 
2619 1 4.02407 1.00322 
2620 1 4.02343 1.00261 
2621 1 4.02186 1.00259 
2622 1 4.02016 1.00285 
2623 1 4.01892 1.00281 
2624 1 4.01728 1.00296 
2625 1 4.01666 1.00243 
2626 1 4.01457 1.00284 
2627 1 4.01261 1.00334 
2628 1 4.0115 1.00313 
2629 1 4.01043 1.00273 
2630 1 4.00928 1.00245 
2631 1 4.00878 1.00188 
2632 1 4.00759 1.00185 
2633 1 4.00577 1.00244 
2634 1 4.00562 1.00193 
2635 1 4.00373 1.00237 
2636 1 4.00353 1.00186 
2637 1 4.0031 1.00136 
2638 1 4.00394 1.00018 
2639 1 4.00581 0.99848 
2640 1 4.00833 0.99674 
2641 1 4.01178 0.994947 
2642 1 4.01582 0.993339 
2643 1 4.01913 0.992818 
2644 1 4.02236 0.992887 
2645 1 4.02427 0.994003 
2646 1 4.02607 0.995172 
2647 1 4.02697 0.996574 
2648 1 4.02728 0.997976 
2649 1 4.0261 0.999908 
2650 1 4.02651 1.00031 
2651 1 4.0262 1.00055 
2652 1 4.02445 1.00161 
2653 1 4.02317 1.00228 
2654 1 4.02254 1.00216 
2655 1 4.02213 1.00168 
2656 1 4.02227 1.00086 
2657 1 4.02072 1.00134 
2658 1 4.01881 1.00232 
2659 1 4.01646 1.00344 
2660 1 4.01505 1.00361 
2661 1 4.01438 1.00291 
2662 1 4.01273 1.0028 
2663 1 4.01275 1.00182 
2664 1 4.01375 1.00022 
2665 1 4.01465 0.999012 
2666 1 4.01616 0.997934 
2667 1 4.01616 0.998262 
2668 1 4.01626 0.998882 
2669 1 4.01643 0.999353 
2670 1 4.01688 0.999424 
2671 1 4.01834 0.998662 
2672 1 4.01966 0.997979 
2673 1 4.01928 0.998674 
2674 1 4.01801 1.0002 
2675 1 4.01718 1.00119 
2676 1 4.01579 1.00205 
2677 1 4.0131 1.00345 
2678 1 4.01093 1.00421 
2679 1 4.00989 1.00375 
2680 1 4.00727 1.0041 
2681 1 4.00616 1.00359 
2682 1 4.00501 1.00299 
2683 1 4.00323 1.00298 
2684 1 4.00096 1.0035 
2685 1 4.00034 1.00292 
2686 1 4.00079 1.00145 
2687 1 3.99997 1.00102 
2688 1 3.99979 1.00066 
2689 1 4.00024 1.00002 
2690 1 3.99953 1.00027 
2691 1 4.001 0.999285 
2692 1 4.00245 0.998226 
2693 1 4.00259 0.998376 
2694 1 4.00203 0.999336 
2695 1 4.00297 0.999256 
2696 1 4.00388 0.99887 
2697 1 4.00433 0.998816 
2698 1 4.00473 0.998925 
2699 1 4.00424 0.999645 
2700 1 4.00405 1.00013 
2701 1 4.00385 1.00038 
2702 1 4.00236 1.00133 
2703 1 4.0009 1.00218 
2704 1 4.00047 1.00202 
2705 1 4.00113 1.00086 
2706 1 4.00147 0.999953 
2707 1 4.00168 0.999531 
2708 1 4.00154 0.999638 
2709 1 4.00109 1.00009 
2710 1 4.00255 0.999241 
2711 1 4.00313 0.998826 
2712 1 4.00292 0.999217 
2713 1 4.00287 0.999643 
2714 1 4.00291 0.999874 
2715 1 4.00276 1.0001 
2716 1 4.00221 1.0005 
2717 1 4.00156 1.00091 
2718 1 4.00225 1.00028 
2719 1 4.00188 1.00022 
2720 1 4.00297 0.999402 
2721 1 4.00516 0.997869 
2722 1 4.00636 0.997271 
2723 1 4.00738 0.997298 
2724 1 4.0092 0.996995 
2725 1 4.01081 0.996821 
2726 1 4.01227 0.996851 
2727 1 4.0123 0.997891 
2728 1 4.0136 0.998072 
2729 1 4.01339 0.998913 
2730 1 4.01303 0.999796 
2731 1 4.01252 1.0005 
2732 1 4.01262 1.00051 
2733 1 4.01158 1.00103 
2734 1 4.01028 1.00173 
2735 1 4.01084 1.00101 
2736 1 4.01017 1.00088 
2737 1 4.00864 1.00156 
2738 1 4.00644 1.00273 
2739 1 4.00642 1.00223 
2740 1 4.00655 1.00123 
2741 1 4.00705 1.00016 
2742 1 4.00724 0.99962 
2743 1 4.00869 0.998601 
2744 1 4.01074 0.997362 
2745 1 4.01224 0.996822 
2746 1 4.01334 0.996969 
2747 1 4.01521 0.996783 
2748 1 4.01597 0.997289 
2749 1 4.01772 0.997192 
2750 -1 1.01867 0.997465 
2751 -1 1.05735 0.972613 
2752 -1 0.143579 0.915972 
2753 -1 -0.726442 0.838448 
2754 -1 -1.53805 0.740866 
2755 -1 -2.28506 0.626055 
2756 -1 -2.9609 0.496322 
2757 -1 -3.56217 0.35515 
2758 -1 -4.08735 0.206499 
2759 -1 -4.53696 0.0545223 
2760 -1 -4.91333 -0.0967286 
2761 -1 -5.21731 -0.245585 
2762 -1 -5.45554 -0.387853 
2763 -1 -5.63057 -0.522638 
2764 -1 -5.74699 -0.649076 
2765 -1 -5.81295 -0.764222 
2766 -1 -5.83309 -0.867772 
2767 -1 -5.81291 -0.959818 
2768 -1 -5.75788 -1.04058 
2769 -1 -5.67678 -1.10804 
2770 -1 -5.57132 -1.16482 
2771 -1 -5.45077 -1.20917 
2772 -1 -5.31773 -1.24293 
2773 -1 -5.17594 -1.26773 
2774 -1 -5.03117 -1.28327 
2775 -1 -4.88424 -1.29197 
2776 -1 -4.74195 -1.29241 
2777 -1 -4.60559 -1.28599 
2778 -1 -4.47595 -1.27495 
2779 -1 -4.35488 -1.26033 
2780 -1 -4.24402 -1.24259 
2781 -1 -4.14252 -1.22348 
2782 -1 -4.0518 -1.2031 
2783 -1 -3.97399 -1.18048 
2784 -1 -3.90757 -1.15706 
2785 -1 -3.85226 -1.13377 
2786 -1 -3.80855 -1.11056 
2787 -1 -3.7758 -1.08781 
2788 -1 -3.75157 -1.0671 
2789 -1 -3.73764 -1.04712 
2790 -1 -3.72942 -1.03023 
2791 -1 -3.72953 -1.01446 
2792 -1 -3.73435 -1.00116 
2793 -1 -3.74455 -0.989544 
2794 -1 -3.75972 -0.979044 
2795 -1 -3.77787 -0.970425 
2796 -1 -3.79922 -0.96318 
2797 -1 -3.82183 -0.957967 
2798 -1 -3.84407 -0.955411 
2799 -1 -3.86693 -0.954183 
2800 -1 -3.88877 -0.954484 
2801 -1 -3.90926 -0.956098 
2802 -1 -3.93071 -0.95697 
2803 -1 -3.95081 -0.958205 
2804 -1 -3.97015 -0.959653 
2805 -1 -3.98593 -0.963069 
2806 -1 -3.9994 -0.967533 
2807 -1 -4.01147 -0.971802 
2808 -1 -4.022 -0.975598 
2809 -1 -4.02963 -0.979914 
2810 -1 -4.03515 -0.984367 
2811 -1 -4.03991 -0.987888 
2812 -1 -4.04246 -0.991402 
2813 -1 -4.04466 -0.993972 
2814 -1 -4.04534 -0.996383 
2815 -1 -4.04407 -0.999238 
2816 -1 -4.04276 -1.00132 
2817 -1 -4.04071 -1.00294 
2818 -1 -4.03765 -1.00454 
2819 -1 -4.03491 -1.00539 
2820 -1 -4.0317 -1.00601 
2821 -1 -4.02813 -1.0066 
2822 -1 -4.02496 -1.00671 
2823 -1 -4.0233 -1.00561 
2824 -1 -4.02093 -1.00496 
2825 -1 -4.02035 -1.00347 
2826 -1 -4.01852 -1.00304 
2827 -1 -4.01656 -1.00319 
2828 -1 -4.01376 -1.00404 
2829 -1 -4.01286 -1.00358 
2830 -1 -4.01138 -1.00322 
2831 -1 -4.00965 -1.00318 
2832 -1 -4.00769 -1.00341 
2833 -1 -4.00719 -1.00269 
2834 -1 -4.00615 -1.00224 
2835 -1 -4.00449 -1.00245 
2836 -1 -4.00272 -1.00288 
2837 -1 -4.00207 -1.0025 
2838 -1 -4.00184 -1.00169 
2839 -1 -4.00121 -1.00128 
2840 -1 -4.00089 -1.00093 
2841 -1 -4.00156 -1.00006 
2842 -1 -4.00202 -0.99944 
2843 -1 -4.00139 -0.99984 
2844 -1 -4.00078 -1.00044 
2845 -1 -4.00029 -1.00081 
2846 -1 -3.99877 -1.00168 
2847 -1 -3.99665 -1.00283 
2848 -1 -3.99463 -1.00361 
2849 -1 -3.99432 -1.00287 
2850 -1 -3.99261 -1.00281 
2851 -1 -3.99134 -1.0027 
2852 -1 -3.98949 -1.003 
2853 -1 -3.98961 -1.00201 
2854 -1 -3.98825 -1.00192 
2855 -1 -3.98857 -1.00104 
2856 -1 -3.9896 -0.999715 
2857 -1 -3.99028 -0.998912 
2858 -1 -3.99133 -0.998303 
2859 -1 -3.9927 -0.997756 
2860 -1 -3.99326 -0.997951 
2861 -1 -3.99527 -0.997358 
2862 -1 -3.9968 -0.997018 
2863 -1 -3.99878 -0.996578 
2864 -1 -4.00212 -0.995345 
2865 -1 -4.0043 -0.995033 
2866 -1 -4.00747 -0.99447 
2867 -1 -4.0105 -0.99411 
2868 -1 -4.01405 -0.993584 
2869 -1 -4.01568 -0.994461 
2870 -1 -4.01727 -0.99554 
2871 -1 -4.01825 -0.996733 
2872 -1 -4.01795 -0.998416 
2873 -1 -4.01653 -1.00046 
2874 -1 -4.01606 -1.0013 
2875 -1 -4.01542 -1.00157 
2876 -1 -4.01593 -1.0008 
2877 -1 -4.01614 -1.00013 
2878 -1 -4.01728 -0.999109 
2879 -1 -4.019 -0.997916 
2880 -1 -4.02023 -0.997395 
2881 -1 -4.02191 -0.996968 
2882 -1 -4.02282 -0.997231 
2883 -1 -4.02487 -0.996872 
2884 -1 -4.02569 -0.997249 
2885 -1 -4.02514 -0.99866 
2886 -1 -4.025 -0.999672 
2887 -1 -4.02487 -1.0002 
2888 -1 -4.02581 -0.999686 
2889 -1 -4.02626 -0.999318 
2890 -1 -4.02624 -0.999438 
2891 -1 -4.0265 -0.99949 
2892 -1 -4.02742 -0.999067 
2893 -1 -4.02734 -0.999285 
2894 -1 -4.02716 -0.999721 
2895 -1 -4.02628 -1.00054 
2896 -1 -4.02499 -1.0015 
2897 -1 -4.0234 -1.00237 
2898 -1 -4.02074 -1.00365 
2899 -1 -4.0186 -1.00428 
2900 -1 -4.01566 -1.00503 
2901 -1 -4.0133 -1.00517 
2902 -1 -4.01255 -1.004 
2903 -1 -4.0117 -1.00284 
2904 -1 -4.00976 -1.0028 
2905 -1 -4.00999 -1.0017 
2906 -1 -4.01109 -1.00004 
2907 -1 -4.01293 -0.998238 
2908 -1 -4.0143 -0.997318 
2909 -1 -4.01509 -0.997379 
2910 -1 -4.01521 -0.998188 
2911 -1 -4.01453 -0.99952 
2912 -1 -4.01558 -0.999419 
2913 -1 -4.01556 -0.999597 
2914 -1 -4.01452 -1.00048 
2915 -1 -4.01313 -1.00154 
2916 -1 -4.01231 -1.00193 
2917 -1 -4.01263 -1.0012 
2918 -1 -4.01224 -1.00082 
2919 -1 -4.01113 -1.00116 
2920 -1 -4.01108 -1.00092 
2921 -1 -4.01194 -0.999961 
2922 -1 -4.012 -0.999611 
2923 -1 -4.0122 -0.999495 
2924 -1 -4.01202 -0.999744 
2925 -1 -4.01103 -1.00057 
2926 -1 -4.00937 -1.00176 
2927 -1 -4.00804 -1.00246 
2928 -1 -4.0066 -1.00284 
2929 -1 -4.00677 -1.0019 
2930 -1 -4.00733 -1.00058 
2931 -1 -4.00858 -0.999115 
2932 -1 -4.00963 -0.998225 
2933 -1 -4.01022 -0.998125 
2934 -1 -4.0114 -0.997927 
2935 -1 -4.01253 -0.997799 
2936 -1 -4.01241 -0.998572 
2937 -1 -4.0113 -1.00005 
2938 -1 -4.01082 -1.00084 
2939 -1 -4.01172 -1.00023 
2940 -1 -4.01188 -0.999837 
2941 -1 -4.01305 -0.998985 
2942 -1 -4.01288 -0.99915 
2943 -1 -4.01455 -0.998374 
2944 -1 -4.01418 -0.998906 
2945 -1 -4.01382 -0.999689 
2946 -1 -4.0124 -1.001 
2947 -1 -4.01176 -1.00153 
2948 -1 -4.0099 -1.00243 
2949 -1 -4.00941 -1.00225 
2950 -1 -4.00873 -1.00189 
2951 -1 -4.00751 -1.00196 
2952 -1 -4.00569 -1.00254 
2953 -1 -4.00584 -1.00179 
2954 -1 -4.00613 -1.00075 
2955 -1 -4.00744 -0.999281 
2956 -1 -4.00712 -0.999243 
2957 -1 -4.00686 -0.999653 
2958 -1 -4.0057 -1.00068 
2959 -1 -4.00606 -1.00056 
2960 -1 -4.00532 -1.00082 
2961 -1 -4.00642 -0.999905 
2962 -1 -4.00694 -0.99928 
2963 -1 -4.00634 -0.999715 
2964 -1 -4.00746 -0.999209 
2965 -1 -4.00866 -0.998504 
2966 -1 -4.0089 -0.998604 
2967 -1 -4.00947 -0.998724 
2968 -1 -4.00921 -0.999362 
2969 -1 -4.0107 -0.998799 
2970 -1 -4.01143 -0.998524 
2971 -1 -4.01164 -0.998782 
2972 -1 -4.01231 -0.998831 
2973 -1 -4.01355 -0.998407 
2974 -1 -4.0132 -0.999029 
2975 -1 -4.01351 -0.999353 
2976 -1 -4.01496 -0.998711 
2977 -1 -4.01617 -0.998123 
2978 -1 -4.01739 -0.997737 
2979 -1 -4.0172 -0.998488 
2980 -1 -4.01709 -0.999318 
2981 -1 -4.01757 -0.999502 
2982 -1 -4.01707 -1.00006 
2983 -1 -4.01809 -0.999549 
2984 -1 -4.01765 -0.999819 
2985 -1 -4.01723 -1.00025 
2986 -1 -4.01795 -0.999835 
2987 -1 -4.01657 -1.00067 
2988 -1 -4.01593 -1.00115 
2989 -1 -4.01517 -1.00143 
2990 -1 -4.01346 -1.00219 
2991 -1 -4.01089 -1.00343 
2992 -1 -4.00891 -1.00402 
2993 -1 -4.00573 -1.00499 
2994 -1 -4.00407 -1.00476 
2995 -1 -4.00305 -1.00377 
2996 -1 -4.00167 -1.00311 
2997 -1 -3.99952 -1.00329 
2998 -1 -3.99798 -1.00328 
2999 -1 -3.99609 -1.00344 
